0.7480388
0.77180743
0.79170215
0.807765
0.8200598
0.8286717
0.83370566
0.83528674
0.83355784
0.82867944
0.8208276
0.8101937
0.79698193
0.78140855
0.7636998
0.7440909
0.72282434
0.70014733
0.6763114
0.65156984
0.62617636
0.6003833
0.57444006
0.5485914
0.5230759
0.49812418
0.47395808
0.45078856
0.42881483
0.4082228
0.38918424
0.37185574
0.35637742
0.34287268
0.33144695
0.32218772
0.31516343
0.3104238
0.3079992
0.3079008
0.31012073
0.3146319
0.32138896
0.33032817
0.34136826
0.35441115
0.36934268
0.3860336
0.40434042
0.42410684
0.44516447
0.46733466
0.4904295
0.51425314
0.53860354
0.5632738
0.58805364
0.61273104
0.6370938
0.6609309
0.68403435
0.7062005
0.7272315
0.74693704
0.7651353
0.7816547
0.796335
0.8090284
0.8196007
0.82793254
0.83392006
0.8374759
0.83852917
0.8370276
0.83293635
0.8262393
0.8169389
0.80505645
0.7906319
0.77372384
0.75440896
0.73278177
0.70895433
0.68305486
0.6552279
0.62563235
0.5944416
0.56184137
0.5280293
0.4932135
0.45761058
0.42144513
0.38494784
0.3483537
0.31190097
0.27582914
0.24037746
0.20578337
0.17228085
0.14009875
0.10945919
0.08057608
0.053653542
0.028884469
0.0064491197
-0.013486212
-0.030770432
-0.045268815
-0.056864068
-0.065457255
-0.07096866
-0.07333854
-0.072527654
-0.06851783
-0.06131223
-0.050935604
-0.037434354
-0.02087649
-0.0013513708
0.021030553
0.046138264
0.07382077
0.10390782
0.13621083
0.17052376
0.20662433
0.24427517
0.2832251
0.3232106
0.36395735
0.40518168
0.4465922
0.48789182
0.52877903
0.5689502
0.60810065
0.64592755
0.68213093
0.71641564
0.74849373
0.77808535
0.8049212
0.8287442
0.8493107
0.8663925
0.87977815
0.8892743
0.89470726
0.89592385
0.8927929
0.88520586
0.8730777
0.85634804
0.834981
0.80896616
0.77831876
0.74307966
0.7033154
0.6591181
0.6106052
0.5579188
0.501225
0.44071367
0.37659687
0.3091082
0.23850167
0.16505028
0.08904472
0.010791761
-0.06938714
-0.15115774
-0.23417467
-0.3180833
-0.40252158
-0.48712215
-0.5715141
-0.6553252
-0.73818374
-0.8197206
-0.89957154
-0.9773785
-1.0527927
-1.1254752
-1.1951
-1.2613549
-1.3239439
-1.3825884
-1.4370291
-1.4870269
-1.5323651
-1.5728495
-1.60831
-1.6386023
-1.6636071
-1.6832325
-1.6974127
-1.7061098
-1.7093133
-1.7070405
-1.699336
-1.6862719
-1.6679469
-1.6444855
-1.6160388
-1.5827816
-1.5449128
-1.5026538
-1.4562469
-1.405955
-1.3520586
-1.2948561
-1.2346599
-1.1717961
-1.1066034
-1.0394287
-0.9706274
-0.90056056
-0.82959294
-0.7580911
-0.6864212
-0.61494714
-0.5440284
-0.4740184
-0.40526205
-0.33809435
-0.27283853
-0.20980398
-0.14928496
-0.09155891
-0.036885023
0.014497127
0.06236876
0.106533
0.14681578
0.18306679
0.21516007
0.24299452
0.26649436
0.2856094
0.300315
0.31061214
0.31652725
0.3181116
0.31544113
0.30861562
0.297758
0.2830134
0.26454812
0.24254847
0.2172196
0.18878406
0.15748039
0.12356149
0.087293155
0.048952263
0.008825105
-0.032794412
-0.075606585
-0.11930773
-0.16359204
-0.20815346
-0.2526874
-0.29689276
-0.3404735
-0.38314047
-0.42461312
-0.464621
-0.5029055
-0.539221
-0.5733365
-0.6050369
-0.63412404
-0.66041756
-0.68375623
-0.70399857
-0.72102344
-0.7347308
-0.7450417
-0.7518991
-0.7552676
-0.75513387
-0.75150555
-0.7444123
-0.7339044
-0.7200528
-0.70294774
-0.682699
-0.65943414
-0.6332976
-0.60445035
-0.5730674
-0.5393379
-0.5034628
-0.46565354
-0.4261313
-0.3851244
-0.34286743
-0.29959947
-0.25556237
-0.21099932
-0.16615294
-0.121263854
-0.076569214
-0.03230079
0.011316219
0.054064788
0.09573741
0.13613746
0.17508042
0.21239497
0.24792415
0.28152627
0.3130757
0.3424637
0.36959898
0.3944082
0.41683626
0.4368468
0.454422
0.46956265
0.48228818
0.49263638
0.5006625
0.50643957
0.510057
0.5116204
0.5112504
0.5090816
0.505262
0.49995136
0.49332014
0.48554814
0.47682342
0.4673406
0.45729926
0.44690293
0.43635705
0.4258677
0.41564
0.40587658
0.39677596
0.38853103
0.38132784
0.3753438
0.37074655
0.36769262
0.36632615
0.36677766
0.3691631
0.37358308
0.3801214
0.38884485
0.39980248
0.41302478
0.4285237
0.44629192
0.46630314
0.4885117
0.512853
0.5392435
0.56758124
0.5977463
0.62960136
0.6629925
0.6977501
0.73368967
0.77061343
0.80831057
0.8465593
0.8851279
0.9237762
0.96225715
1.0003182
1.037703
1.0741533
1.1094099
1.1432152
1.1753144
1.2054571
1.2333995
1.2589054
1.2817484
1.301713
1.3185961
1.3322096
1.3423793
1.3489491
1.3517798
1.3507519
1.3457654
1.3367412
1.3236219
1.3063722
1.2849791
1.2594533
1.2298282
