309.71396514382917
278.117767364445
260.0549613668975
210.99730409661836
227.44262766032222
216.95940778787812
208.8287297395194
202.36473389377983
200.22500121405534
196.020262285061
192.51313234978332
188.5357816675685
184.33647771321066
180.66051883010797
177.04331328543768
173.41387711750158
170.8070464328759
168.64513894513303
167.0798312789581
165.74251226594936
164.48200834696627
162.49740371859852
160.76276486467236
159.0093114343294
157.20962084650486
155.52788521866418
154.75349427422702
154.08579754195532
153.53874044280263
152.57916656833763
151.5756258092211
150.5466239595846
149.22333501060808
147.64420593378918
146.03324349259074
144.11509642563118
142.09815544563574
140.25828410404878
138.5590335442385
137.3646653649763
136.61461746934796
135.96918578925684
135.3666556319485
134.88598329714046
134.37743891372125
133.89572825388086
133.46835850123855
133.1502650109425
132.0516871896167
130.9947216842962
129.87383897392235
128.675899268245
127.3801988719697
126.00214777512467
122.54047160581015
118.57865215288305
114.3097349502615
109.7104603247126
105.0379440812942
101.7399408275485
98.75575005077546
95.56642417523638
92.5337592719206
90.25762480484735
88.56938438043585
87.0251384396201
86.0115616376339
85.2223279580177
84.59830547700783
84.26401927798172
84.17306416347661
84.18462256980274
84.28515787456689
84.80566680843093
85.78473559139472
86.7738048053107
87.8714863311811
89.07996188161889
90.0254109587732
89.520741822553
88.11512711627601
86.36572251564729
84.28766456490008
81.87366138883048
80.22336527426206
79.28085697881404
78.49364969694369
77.84987026717074
77.83929944803778
78.01092032839762
78.30633333940278
78.7220374940608
79.25546204698891
79.32352451656294
79.38008049604964
79.41009680536764
79.39725890964786
79.32372518630052
79.32374748293803
79.55465567456132
80.00110217567448
81.31331520179032
83.0765740112833
85.03574798887134
87.25514542730038
89.73514398401976
91.57473224743816
93.12572763896706
94.63136985426719
95.75234458929457
96.46549311853387
96.35409265608403
95.5634917311954
94.51775267961912
92.95960966066943
91.13556561507417
89.77604617503431
88.84780337864103
87.93261572171255
87.36052554053721
86.96820034657146
86.6833411799473
86.9011374888526
87.36775706067012
87.94978882726461
88.81162571400705
90.13248276047392
91.75729784818215
93.38786517094753
95.13493644439858
96.78170015530428
98.1330662306862
98.8414849398533
99.48641437123513
100.00888359794259
100.85437063868619
101.64364889780332
102.86962753816016
104.8032081520188
106.94994522181987
109.21805066932194
111.65047024886675
113.78922283485387
115.26875967706948
116.61779685884997
117.28719718608357
117.21122440110611
116.78235154756167
116.14143317226609
115.27940862396206
114.40001944997887
113.98084387250495
113.66956524194308
113.39491324968496
113.18552487476529
113.45009571789515
114.28380479516471
116.02143257366805
117.99781281396736
120.33627254918368
123.21314354876267
127.12496659540875
131.22541723949746
135.58410497450086
140.0480461718101
143.98083465213833
146.61485215977035
148.3621844620057
149.78197107172844
150.86351828283048
151.62826090846295
152.18530632498437
152.6100976430931
152.92433392880028
152.8271917307682
152.63428455232895
152.35804930778295
152.00392222294198
151.53582962002
150.73254253852207
149.86143546779536
148.00712535321793
145.9861282353364
143.41926117318346
141.0216412954009
138.34035200647705
136.33966140557777
134.34122708434313
132.8189798760622
131.64889526334412
130.7224643531282
130.06001654208916
129.54601167662742
128.85081003067341
128.20837315880428
127.63580598529607
127.07322554929131
126.50524782767067
126.24462980511481
126.02643609914932
125.84761722291078
125.92168269650058
127.04515996271539
128.32242559434917
129.77018058910116
131.39866601396318
132.98962059022338
133.6544434299981
134.2512170706774
134.09755241772245
133.54315680659218
132.26971538418934
130.78091126598895
129.06037628569086
127.81730219770692
126.7004225618238
127.52141486766651
128.91822481427164
131.71100000161636
135.8092428437091
140.9781467210332
145.82280718145267
151.09950640404165
156.1676003129784
160.4864154940752
164.21957339346827
167.19677309148875
169.55035498805378
171.03732772972882
172.2096513114681
173.09743774680143
173.7530671529473
174.2200351712688
174.5736693314399
173.7190748009608
172.16715427555846
170.3699504244285
168.3211719211373
166.00545867746138
164.6446621094617
163.80882964656206
163.07981622679912
162.8910562106061
162.93862433080014
163.14267741634902
163.4622733406144
163.89838141421626
164.01030643683958
164.12938222639954
164.70242049538524
165.30361902489545
165.92316093839545
166.59910472865957
167.33692274122413
167.62964521298397
167.83821939892402
168.0011305040241
168.1070379774393
168.14273316872675
168.14986977329505
168.1844975926696
168.20487171363024
168.21574212876257
168.2238542354332
167.93867955425532
167.61797126190493
167.2593649236311
166.85970561275658
166.4147383665993
166.24541156797082
166.09290493531148
165.96329826994264
165.86369745407444
159.8046611606511
145.68493077441084
127.63972725484076
106.10101636307944
81.79739710175825
61.314934606246
47.38317953162918
36.208957342351894
27.641765828251764
21.166417558962618
16.374359050032634
12.714592493706386
9.943194364974739
7.850529342052651
6.261642719452343
5.039004279373289
4.09495550653813
3.3554211494068045
2.7571754955189807
2.272492630195644
1.8711404497722388
1.540913169647552
1.2668815272555578
1.041274650948428
0.8561026990290144
0.7017016136870324
0.5769174580157188
0.4751841913157457
0.39641625992306856
0.33695088399977935
0.2921404018674034
0.25934642390621504
0.23519927200904048
0.21828373203115575
0.2081753626665525
0.20282255837824942
0.20304902259427005
0.20772195259088433
0.21379614279432457
0.22204308415654891
0.23173540660949998
0.24289090728089427
0.25341079074809203
0.265576644623006
0.27892438719422263
0.29221332236129094
0.3049023479879389
0.3188508458747822
0.3352044997139459
0.3494320389737996
0.3646821806255604
0.3830313231255606
0.4065518738944848
0.43317656733875004
0.46228252378902673
0.49164059435428076
0.5173027391662662
0.5371195512731402
0.550513022441087
0.5592909242583805
0.5629419607245597
0.5641473184856494
0.559047596835781
0.5518930759839331
0.5419854179663409
0.531433860939159
0.5195759800466135
0.5093223813968714
0.4987244407695852
0.4884344474993126
0.47977427687321217
0.471469407387828
0.46458410641174236
0.458111320952457
0.4533228187476972
0.4493412992535265
0.4458401519806018
0.4433939299530954
0.44139510386245323
0.44006980220853725
0.4390396358702051
0.4382840229690499
0.43771625552637816
0.4373074946001476
0.4370005715325488
0.4367740088283647
0.4366062294793997
0.4364828932519577
0.43639127087993657
0.4363235708074241
0.4364213338459865
0.4365486015942742
0.4367037142287541
0.43703985596588696
0.43742086901520266
0.4378819041053532
0.43838002445571056
0.4389162567744989
0.43932110727820706
0.43972860638795885
0.43993379553047063
0.438810424742594
0.4375026536095325
0.4357921318226853
0.43150962890220534
0.4265133882462575
0.42104212581173395
0.4140851145144569
0.4051151036534205
0.3979609040552219
0.39078203652524185
0.38475415001851787
0.37985263831777966
0.37713406508999764
0.377956809503965
0.379758562000275
0.38447019332241616
0.3902499516470994
0.3968856016681008
0.40111865982262507
0.40553192296171336
0.40787211514385757
0.40983013331016394
0.41126841460372654
0.41239616513496
0.41315885870976526
0.41374627466153274
0.41418140147835153
0.4145050666866432
0.4147393890812746
0.4149150035669979
0.4144134157219383
0.41380774847000334
0.41309882205582094
0.412285090218437
0.411361431011819
0.41050892476823847
0.40962899197003066
0.4070739389902603
0.4043254058835581
0.4013741090101799
0.3987030100092802
0.39583289254141485
0.39458388738043204
0.39392470311563454
0.3935201980295682
0.39629682761960805
0.3997008735494151
0.40362192515597656
0.40762868517936135
0.4121255857704629
0.4138843366761134
0.41528655621762417
0.4141528073579932
0.4124478908446939
0.4086520611393655
0.40423905581059494
0.39935363519102673
0.3963074603253791
0.39311225675391515
0.3913856118221985
0.3899574513790433
0.38891343095548964
0.388091872136613
0.38753405162357946
0.3871061004903995
0.38937243982831
0.3927554168674039
0.39870635377428154
0.4053804859500382
0.41284373849345457
0.42150552943793795
0.4315873461188466
0.44146104203702824
0.45337444075348177
0.46644578779946255
0.4843160403892568
0.5034370182519896
0.5292100771336101
0.5551938553499445
0.5819488604971284
0.6021778458032708
0.6205622887343273
0.6310674872776603
0.6381845272825063
0.6371330834300882
0.627741088184711
0.615054697339023
0.5941579900944185
0.571291261182457
0.5492210867657167
0.5310508223656394
0.5098433032298071
0.4942347225728636
0.47960334945990735
0.46558949908359004
0.45134456088881486
0.4377813799532915
0.4244454656534815
0.4102443657790871
0.39713890792908746
0.3855204332781323
0.37684596009230237
0.3686894248080258
0.3622136332542519
0.3583330471792701
0.3554330653628072
0.35659849375585817
0.3599773385807485
0.36445114300326814
0.38153119621763465
0.40747499061047043
0.4539713776393801
0.5169017313384446
0.5923837914465743
0.7161904645846952
0.8717498319593715
1.08926689971145
1.327557465200288
1.5779489059472807
1.8029130932792858
2.0079453100832385
2.1459852754474245
2.2613409470976924
2.3638492327006144
2.4387300502601352
2.499149601236942
2.5708450674029524
2.632816770258067
2.688060244472499
2.7411217916485877
2.7933657828468186
2.824927503268632
2.8596701951860948
2.910649110184294
2.9613966216071725
3.0119778574994562
3.0784821798399924
3.1419557137948524
3.204397745187274
3.2681391676874223
3.333342833144
3.416705236390378
3.5022775140024796
3.574325524749547
3.6472964897462727
3.7211304880252367
3.754955515984666
3.7830308495382425
3.8062203300703197
3.823878534550769
3.8462900534406277
3.867739321887694
3.888452360878481
3.9165646815547794
3.9493530895845916
3.9722994160207117
4.017808686902984
4.078474660754892
4.139812456847708
4.208391182014701
4.311908383067672
4.4062823775783775
4.533113391327561
4.665216061835872
4.796793654760955
4.930437246688021
5.105724948387588
5.278642917962319
5.453372096668958
5.632895896017993
5.803179732429292
5.990321325812433
6.185386444466101
6.398343296261487
6.615014931662025
6.822362143669469
6.970145871453982
7.072973547600241
6.823501378558621
6.248668597574636
5.510706985667215
4.63353368777533
3.6424915660136423
2.869821976687817
2.3480641969017397
1.91827072459469
1.5789693521895483
1.3170634453562569
1.1355709508077458
0.9925588889344699
0.8896897115682365
0.813103084832535
0.7571074892187881
0.7150559934866818
0.6842223384369276
0.6613926303112265
0.6425364628508128
0.6258761143358846
0.612037004400643
0.600086177255903
0.5893441146646028
0.5792051278785063
0.57172152102272
0.5649440811757622
0.5587414621396691
0.5530432257208211
0.5482811726129602
0.5438215143659799
0.5396193874078858
0.5356395373473473
0.5318506191043988
0.5262078016923365
0.5204335221508207
0.5144845589889248
0.5083168054824336
0.5018847369466599
0.4991821741971402
0.49682091331339795
0.49485828601611714
0.49336289496430424
0.49241602363293135
0.49166422912579705
0.4899637890157888
0.4882924808154774
0.48660162626533293
0.48482810691310274
0.48294106257808406
0.4866588683849133
0.491920554026223
0.4995841884656697
0.5082963955486359
0.5181862972336007
0.5263980451393269
0.5340508609658972
0.5400730303919503
0.5487254353878378
0.5588969352267811
0.568879566033939
0.5809976317916186
0.593793019363923
0.6041196096907822
0.6128068378189013
0.6196225850283938
0.6239142464991466
0.6228094023562587
0.6204343988278432
0.6168302584487017
0.6120683527819342
0.6063004952109978
0.6044661721948577
0.6026919247911926
0.6011209988292472
0.6056130545374162
0.6300185758096468
0.6745790569897273
0.7242878413457795
0.7796943712927203
0.8350496366743905
0.8750702873129486
0.8866506402944783
0.8869768623760305
0.8736185622834919
0.8318648229412792
0.7774556626727409
0.7264107846530237
0.6766756451470844
0.6304631225620374
0.6045157782581044
0.5870865088362932
0.5846589872807049
0.607013797742486
0.6678747080063683
0.7425267178898326
0.8437253229890475
0.9786438025635871
1.1254661110744886
1.2608327400841715
1.4290757758147858
1.6068397526515559
1.764324150960232
1.9259630412943254
2.080640510507343
2.2035346186216724
2.31562739361847
2.4142443036021537
2.4839662713300745
2.5445900458072854
2.612321015904384
2.687189282332367
2.8094059123978656
2.970932864823057
3.222024538682264
3.6313707030072697
4.11776978110295
4.684143736507909
5.29878551385555
5.9295316432998675
6.4691529982630005
6.947264356749165
7.32607149735028
7.641912385712441
7.868359342557863
8.023826714146182
7.505381353225486
6.828513707955446
6.0413451145040495
5.141552571019676
4.124508925860557
3.6901288719730894
3.3414194457528277
3.0414277047804696
2.9472694785476814
2.962404183923497
3.0274849736619
3.1385424540623763
3.295272070170945
3.340689132079208
3.3203957880932737
3.2259171033454765
3.095784857947266
2.907168512171953
2.692548454431798
2.5186615444999645
2.4006508243401745
2.296803149285259
2.248663071454601
2.219020769169442
2.2054056455116915
2.2033900325763898
2.2126890932099337
2.1453695848622685
2.014306959761927
1.8172626250822776
1.5812865458752878
1.3095421038856683
1.0764646371167552
0.8916089484637326
0.7610395410104664
0.6594438725300268
0.5852691927953997
0.530691921204138
0.49059002928640516
0.4605400835392872
0.43982299555316023
0.4254168298185996
0.41572441580229075
0.40941083266391803
0.40573462314873915
0.40256851156193274
0.4002801050453661
0.3985640705168189
0.3973588747226968
0.39642823600869204
0.39574598316944304
0.39284034756377895
0.38980253406065735
0.38477067824570726
0.37928313164176314
0.373198740140585
0.36877295862257375
0.3641929584362414
0.36145358255280624
0.35901955897164994
0.3570540551938752
0.35575195481290867
0.3548140655214272
0.35407634140682953
0.35352709501073837
0.3531352105459454
0.35459676935913886
0.35632493351729627
0.3583270852613153
0.3621089683802276
0.36635460345288506
0.37061827150477666
0.37516366221152775
0.37999163502524896
0.38474777588616976
0.38956063961245324
0.3968415322023675
0.40442636944596655
0.41850934067911105
0.4360112572089063
0.45792413284221456
0.49604062337333094
0.540458393390884
0.6092730886311366
0.6800983943657122
0.753357350208417
0.81207517894413
0.8694730295273705
0.8957518527920286
0.9170810668933628
0.9098925272978187
0.8953810578876905
0.8594162711191408
0.8170992807767651
0.7660488900360723
0.7209916974684254
0.6720619354179084
0.6304784011912163
0.5892164260713669
0.5489948728455576
0.5159502833915366
0.48514931335804967
0.4590720210646963
0.43457436326592735
0.4132949547722025
0.398564163298923
0.38561894722122214
0.37528384795281977
0.3672285377159116
0.360880201662791
0.3554632495452438
0.35088277120104694
0.34694169518176177
0.3446876015668562
0.34288842377841905
0.341956389081424
0.34148140965047236
0.3426524245437681
0.3445288299407989
0.3471792283019759
0.35204364713684655
0.35744965980712107
0.36290136828743974
0.3692923819130671
0.37593241837135466
0.38137762638123573
0.38682718942885097
0.39162674740966197
0.39607454858884644
0.40040001971825157
0.40445659772782366
0.4083583996220576
0.41202119315822117
0.415749208479186
0.4194791645389204
0.42487558657286034
0.43098086776318417
0.43793205165708415
0.4460263664095886
0.45491386770334963
0.4650634515023988
0.4761043816267527
0.4869782241970743
0.49815197630710867
0.5088829283758032
0.5166152347592791
0.5229951466619053
0.5288757329347877
0.5325477269390511
0.5354353922694889
0.5409160237733489
0.5465747323239083
0.5525397360772843
0.5612844998467013
0.5706800523315605
0.5786534439664616
0.5866060255197273
0.594448500767684
0.5996657405804497
0.6044187234296496
0.6072815322588928
0.6095788107854667
0.6112599563429981
0.6125482025388368
0.613451477995413
0.6141370275216931
0.6146434960479404
0.6150194449040453
0.6152940273890685
0.6154987550994745
0.6156500581636725
0.6157618983987538
0.6158443932314993
0.6203742743632507
0.6262962560207944
0.6328594241887102
0.6401394065713852
0.6558451924886178
0.6775726133713454
0.7129371956525122
0.7657311541088315
0.8311448001696207
0.9521864434001763
1.075374986626593
1.259950373760186
1.4965354973280764
1.7445770948004689
1.948998814005795
2.1620858581129756
2.3139197086737884
2.4047401766010896
2.4780916301344917
2.536879720815458
2.578523483337956
2.6381961005891132
2.694407845542921
2.8031442080723656
2.967212853275438
3.164896382313397
3.5695675543782577
4.038733770570376
4.698056826424096
5.531018359201017
6.586156945522767
7.52756443921211
8.495665855952893
9.293537871675346
9.919118368405927
10.325367460737725
10.347942023019298
10.265458045916516
10.085156736277597
9.81531300370873
9.470347846150904
9.372837382054417
9.27365730829196
9.183490705182445
9.113288227568413
9.598278540355556
10.31443756872304
11.90657240137103
14.021724160225482
16.379693056465317
18.42110708045915
20.443325252484858
21.77907009675459
22.692119628281503
23.602528908191992
24.452299241905923
25.251741596927772
26.373449932918245
27.518342580515778
28.531382591171294
29.49753542945207
30.402267651419045
30.849914064585803
31.22008867392691
31.51883379423309
31.743422501430985
31.89243970698787
32.008275889476984
32.09585224676032
32.4961073838556
33.06248524754589
33.86615884854817
34.74625882938525
35.71441699061719
36.73220615685811
37.65354790010936
38.39704155053554
39.125356719804955
39.8270226677452
40.170891168954874
37.102577652969735
33.22852879580764
28.75494680112551
23.655977354953382
17.952248136849946
15.303713275479115
13.173547847438572
11.391921394719173
10.051691905292365
9.274268850123452
8.704747106754747
8.341084650708906
8.134973749849017
8.032432630452904
7.926905261737724
7.888786097440272
7.9204258047877305
8.134141180979896
8.383420749864557
8.672123311815866
9.060423819147701
9.520941921378242
10.05389219071316
10.641821043737174
11.33105456288822
11.97458738921007
12.53982473949832
12.907980966637378
13.227833814078581
13.42129608638139
13.13106717074805
12.58080991290938
11.838207772193183
10.977555077237275
10.017069474859849
9.415794255889336
8.973826909451553
8.705159347102418
9.195956019423166
10.585382245921167
12.27998700592618
14.719223377147728
17.938951317596825
20.997912674554495
23.512195662720966
26.798821178570826
30.05835065642273
33.02281446081551
36.051504418409486
39.26133411896179
42.078711697585064
45.34060922377476
48.79288676124708
52.365085168388546
55.846369656205006
59.0200841789296
61.30436833068888
63.58333841136847
65.37488006797214
67.68751615174467
69.90447685341142
72.11395717173455
73.8290717458388
75.50214240542435
78.06854786189083
80.87202882326469
83.74150985608863
86.71438143069581
89.83167532919428
92.30421724400635
95.01168370523588
98.73254843124334
102.53652350740637
106.4167964921988
109.94734175427611
113.43488416057033
116.87432792643037
120.81160210846262
124.75520975685488
128.28357607014635
133.46420453208052
138.80298553373723
143.7591556202574
148.82783264434738
154.0676553029705
157.33084112993936
159.38949175173963
161.12619576634876
162.49268055768223
163.42879447487243
164.10634484653167
164.63043963484193
163.60165575589613
162.08779624020906
160.30171745420225
158.24190209512142
155.8949856085527
154.81975425213756
154.19101618303694
155.52925520942506
157.24505583419867
159.66624566151697
162.4759267314723
165.48883222063765
166.8494280787235
168.1705567405107
169.1154801937322
169.85320835620553
170.33813903793532
170.72577358895884
171.00968657211973
171.22015394749616
171.37203679097286
171.48691431908816
170.3243806625773
168.97603280465796
167.45448325415018
165.74699677097746
163.83702539766165
163.0911102378927
162.43722995269658
162.25613104523788
163.51174711234745
165.119095117282
167.7158747464801
171.4011298415916
175.13960614428592
177.88683945144516
180.76072668107383
182.93744570478725
184.21925857847566
185.22810884894116
186.04380544866297
186.6308142006173
185.83565719629456
184.80972576108172
183.55770746968238
182.0759430792696
180.36431500637158
179.75638809638014
179.19490613363553
178.7101504296303
178.33617346855925
178.11082440880236
177.66215846494535
177.22602763429808
176.7952995673573
176.3582658219865
175.8977115559919
175.70166189944155
175.76084797454055
176.47273442651903
177.31227867820294
178.29627832074004
179.41139455206462
180.54350886542136
181.12404969116733
181.67581235847575
182.50345150966194
183.57146673676885
184.50412728842446
185.47591225407007
186.91821777374835
188.3437555586861
189.53670009855787
190.75856508156483
192.00821673316744
192.85455301589707
194.1176826820474
195.388610695562
196.66499015691076
197.94433937489802
199.22985911500547
198.53613040993562
197.18334392207402
195.53842788430018
190.27808887258712
183.477919070516
177.26100412195441
170.9443930473751
164.10870474648405
160.38848224787233
157.8229892675786
155.66320983931462
154.22360601904637
153.38356714106956
152.8635486653855
152.57080513465812
152.48551003699032
152.29238826120633
152.17114616344372
152.09421255211686
152.04125782072342
151.9918964633604
151.95850848582197
153.92533534372808
156.1192466982156
158.56280984002322
161.2833645928498
164.30991298238365
165.46375494223426
166.50203363601415
167.38416961334647
168.06203683784608
168.478939488453
168.8139599935884
169.07084069998558
169.258248598501
168.94336003798986
168.54716134291004
168.06971607002848
167.51067902167154
166.86870364588435
166.63818626898376
166.42607792743638
167.32757001595434
168.4884516534653
169.8496507368983
171.38770720481276
173.1202264293341
173.8609634534943
173.44699420870464
172.74128094821697
171.78625994012913
170.5326233506402
167.23318417369288
164.6240522268543
161.89793240520552
158.97502382649444
155.8666405823142
155.4176739688859
155.78493359419295
158.59068013255546
163.07489854561703
168.40273936503888
173.55846500249692
178.67003455072643
181.94302856999195
183.22049658278667
184.04792317262277
184.3944276460565
184.2114804445129
183.6445397739905
183.69165568412424
183.65207040762442
183.56958627002086
182.6214197119731
180.3799986347315
177.88429567000372
175.1156907399173
172.04862794399943
169.6229772158669
168.42775261377085
167.37702560752277
166.51717392614557
165.90256792416181
164.98920188962538
164.10715347370666
163.24384712338008
162.38015692094802
161.4887906962439
162.3317664587716
164.8884598291992
167.82515316859954
171.94743285660118
176.62678431268122
180.50048939514147
182.99848085753274
185.44772766692302
186.94776042362548
188.0945355470637
189.16008370342695
191.19794890553968
193.57578816975857
196.05116149036817
198.6741568328857
201.24843661215968
202.75084059803223
203.7702908678404
204.62797190978176
205.28950691832577
205.738514730122
206.11443607579906
206.52435455391966
206.99092138766
207.43582509086653
207.88027278200755
208.2883769583108
208.59077919928734
205.8993587791453
202.73260875337007
198.3410804436858
193.29475730503626
187.49672822693358
184.2227028082693
181.06360704898952
178.8649823328953
177.10427088316274
175.94955340052155
175.03031457743845
174.35994874726612
173.92472505606153
173.6367777824712
173.4451383098865
173.33434320957937
175.07451903432536
178.1355288971897
181.56864510854902
185.4045119514577
189.678896788057
192.4460640042386
194.0361234605774
195.42139883302497
196.53438626431023
195.97373483748436
194.27688268662874
192.21481813497377
189.76971581397407
186.24199338775085
183.6833270669513
181.41046605823448
179.49262283385912
174.46056727290625
174.24779090343011
170.78386500885875
174.18982152499353
182.66537112595952
