0.6
0.640285184
0.676793118
0.709468739
0.738280021
0.763217869
0.784295887
0.801550004
0.815037965
0.824838695
0.831051535
0.833795363
0.833207599
0.829443099
0.822672956
0.81308321
0.800873471
0.786255469
0.769451547
0.750693088
0.730218912
0.708273627
0.685105962
0.660967092
0.636108956
0.610782581
0.585236436
0.559714806
0.534456213
0.509691883
0.485644275
0.462525675
0.440536875
0.419865931
0.400687016
0.383159373
0.367426377
0.353614706
0.341833629
0.332174416
0.324709875
0.31949401
0.316561813
0.315929181
0.317592966
0.321531151
0.327703158
0.33605027
0.346496188
0.358947694
0.37329543
0.389414791
0.407166907
0.426399727
0.446949187
0.46864046
0.491289269
0.514703272
0.538683488
0.563025774
0.587522329
0.611963226
0.636137951
0.659836948
0.682853152
0.704983511
0.726030468
0.745803416
0.764120096
0.780807944
0.795705371
0.808662961
0.819544593
0.828228473
0.834608064
0.838592913
0.840109375
0.83910121
0.835530076
0.82937589
0.820637069
0.80933064
0.795492232
0.779175929
0.760454003
0.739416522
0.71617083
0.690840913
0.663566643
0.634502913
0.60381867
0.571695838
0.53832816
0.503919939
0.468684718
0.432843876
0.396625171
0.360261226
0.323987981
0.288043105
0.252664392
0.218088141
0.184547541
0.152271058
0.121480852
0.092391216
0.065207058
0.040122437
0.017319158
-0.003034566
-0.020785373
-0.035795914
-0.047945938
-0.057133253
-0.063274599
-0.066306387
-0.06618533
-0.062888942
-0.05641591
-0.046786333
-0.034041826
-0.01824549
0.000518259
0.022143992
0.046505705
0.073457397
0.10283377
0.134451058
0.168107982
0.203586814
0.240654564
0.279064258
0.318556323
0.358860054
0.399695168
0.440773424
0.481800304
0.522476753
0.562500951
0.601570121
0.639382354
0.675638449
0.710043739
0.742309917
0.772156824
0.799314212
0.823523453
0.844539196
0.862130952
0.876084605
0.886203835
0.892311444
0.894250579
0.891885842
0.885104283
0.873816261
0.857956181
0.837483092
0.812381138
0.782659878
0.748354443
0.709525559
0.666259418
0.618667388
0.566885597
0.511074352
0.451417424
0.388121196
0.321413667
0.251543338
0.178777966
0.103403207
0.025721146
-0.053951269
-0.135283888
-0.217935102
-0.301553654
-0.385780518
-0.470250827
-0.554595838
-0.638444926
-0.721427604
-0.803175534
-0.883324543
-0.961516614
-1.037401857
-1.110640423
-1.180904383
-1.247879533
-1.311267127
-1.370785529
-1.426171767
-1.477182993
-1.523597817
-1.565217537
-1.601867234
-1.633396737
-1.659681449
-1.68062303
-1.696149931
-1.706217783
-1.710809625
-1.709935988
-1.703634813
-1.691971227
-1.675037158
-1.6529508
-1.625855937
-1.593921116
-1.557338688
-1.516323712
-1.471112736
-1.421962454
-1.369148258
-1.312962681
-1.253713753
-1.191723267
-1.127324976
-1.060862721
-0.992688515
-0.923160577
-0.852641342
-0.781495453
-0.710087743
-0.638781225
-0.567935102
-0.497902795
-0.429030025
-0.361652938
-0.29609629
-0.23267171
-0.171676042
-0.113389779
-0.058075597
-0.005976998
0.042682928
0.087702623
0.12890305
0.166128542
0.19924752
0.228153065
0.252763339
0.273021868
0.288897672
0.300385238
0.307504365
0.310299836
0.308840974
0.303221031
0.293556462
0.279986052
0.262669929
0.241788446
0.217540964
0.190144517
0.159832392
0.126852618
0.091466377
0.053946347
0.014574989
-0.026357208
-0.068553528
-0.111712846
-0.155531459
-0.199704928
-0.243929897
-0.287905908
-0.331337172
-0.37393431
-0.415416033
-0.455510763
-0.493958187
-0.530510728
-0.564934923
-0.597012708
-0.626542603
-0.653340774
-0.67724199
-0.69810045
-0.715790491
-0.730207153
-0.741266624
-0.748906544
-0.753086168
-0.753786406
-0.751009708
-0.744779831
-0.735141466
-0.722159734
-0.705919563
-0.686524934
-0.664098026
-0.638778234
-0.610721103
-0.580097148
-0.547090604
-0.511898084
-0.474727174
-0.435794965
-0.395326535
-0.353553391
-0.310711877
-0.267041567
-0.222783643
-0.178179276
-0.13346802
-0.088886225
-0.044665481
-0.00103111
0.041799299
0.083617292
0.124224874
0.163435767
0.201076575
0.236987856
0.271025097
0.30305958
0.332979136
0.360688786
0.38611126
0.409187392
0.429876393
0.448155991
0.464022453
0.477490468
0.488592913
0.497380492
0.503921248
0.508299967
0.510617457
0.510989721
0.509547034
0.506432909
0.501802983
0.495823816
0.488671615
0.480530894
0.471593073
0.46205503
0.452117617
0.441984145
0.431858854
0.421945366
0.412445152
0.403556006
0.395470535
0.388374697
0.382446363
0.377853949
0.374755097
0.37329543
0.373607387
0.375809146
0.380003634
0.386277648
0.394701075
0.405326229
0.418187301
0.433299936
0.450660931
0.470248059
0.492020025
0.51591655
0.54185858
0.569748635
0.599471269
0.630893668
0.663866364
0.698224062
0.733786585
0.770359925
0.807737388
0.845700839
0.88402203
0.922464007
0.960782581
0.998727862
1.036045849
1.072480046
1.107773124
1.141668589
1.173912469
1.204254993
1.232452262
1.258267894
1.281474635
1.30185593
1.319207437
1.333338475
1.344073403
1.351252912
1.354735233
1.354397235
1.350135424
1.34186683
1.329529765
1.313084467
1.292513608
1.267822665
1.239040166
1.206217783
