51.757534
-7.520607
8.265080
1.144777
7.955982
-4.832900
2.433700
6.798099
9.356436
1.584636
2.391523
-8.300486
-3.279553
51.662422
-8.244533
9.769838
-1.712589
3.459091
-6.307525
-10.107606
3.743267
1.576304
3.306039
2.294426
-7.866700
1.256900
53.677175
-8.955249
8.516882
-1.669342
0.437108
-3.912802
-3.465461
2.812339
-3.168047
6.425956
2.469463
0.036765
0.553263
54.305139
-10.551765
9.034810
-1.956954
-7.031294
-3.202303
-2.652429
7.674780
1.901755
4.425405
-8.004552
-4.141034
7.920178
52.836416
-11.469501
3.629008
0.290366
-2.011805
-4.829125
-6.864497
-3.504248
-6.497056
-4.423077
0.725697
4.588123
5.149186
52.712632
-11.136418
3.429135
-4.341752
1.422486
-3.002982
-4.658593
7.831245
0.151935
2.323347
3.979237
-7.907737
-2.510224
52.412403
-13.091256
1.753858
-1.969811
1.680148
-1.853889
-3.631751
4.364544
6.163413
0.138263
4.222073
-1.820309
2.426406
52.043620
-13.987746
2.058722
-3.382806
-4.260852
-4.166197
-7.236671
-2.265676
-2.414493
-0.832446
-0.434746
-0.859560
-3.049410
52.040418
-9.662247
8.241627
-0.669682
-1.922523
-1.660649
-7.510254
1.516934
2.865059
-0.727147
-1.217227
-1.476878
-1.559255
49.539755
-10.743673
5.357875
1.956118
0.756468
-7.413280
-1.795479
0.239260
5.178503
1.230411
-2.165292
-0.788100
6.774560
57.356914
1.203932
6.558787
-1.515565
3.932024
2.681911
-3.363281
-6.274533
2.552508
4.339337
0.966631
-5.948046
1.450489
60.557451
5.689878
7.794451
-4.862749
3.733608
0.217275
-1.089794
-7.681123
6.631643
3.194244
4.421349
-2.782366
-1.733941
59.478943
5.508597
8.597904
-0.627803
0.399439
-1.359324
-3.483111
-6.533300
4.461884
1.627422
3.321304
-7.409059
2.960842
60.383550
6.573817
9.720106
-3.929991
-0.739368
3.383622
-2.018718
-0.764501
2.778969
0.857999
8.699612
-4.215543
1.937294
59.043086
5.182657
8.838428
2.155659
-7.503086
2.218012
-1.403849
0.346125
2.071051
2.438853
7.087618
-1.451250
4.784751
58.287078
3.756653
8.821137
2.401446
-3.615445
1.592475
-1.448001
2.185419
7.233463
6.269371
9.073315
0.338818
1.096839
57.273701
4.793261
7.948288
4.750114
0.132988
-0.900889
-3.400773
3.064749
6.770916
7.349108
8.327295
-3.384019
2.054041
57.457268
5.478020
2.408843
5.446702
3.190782
1.221065
-3.642002
3.606168
6.567242
9.450097
9.396047
2.492483
2.421235
56.812108
4.727109
3.540529
1.403151
4.714758
0.172899
-2.625081
2.713960
7.440609
11.775322
10.182225
2.275964
0.409549
55.025081
2.604294
3.800183
4.157367
2.014446
2.485154
4.573553
3.570733
11.653990
7.053689
6.691873
-4.595326
-1.774566
52.970500
-0.060849
3.071973
7.619157
4.954313
-2.032756
0.259871
0.415247
7.542702
-0.973313
5.982676
-3.227604
1.239759
53.880293
-2.934662
2.874694
9.426552
2.705575
-2.501736
-2.626631
-1.790228
3.154980
0.643938
10.178577
-0.934643
4.920564
54.706878
-3.941031
1.061159
6.312324
4.315666
3.292201
-3.386823
7.184801
8.281754
3.199697
3.882551
-2.965942
0.896714
53.355096
-5.817591
3.351874
8.046086
5.508171
1.680975
-1.900998
3.749954
7.383898
7.560012
7.393743
-1.309388
-3.459778
53.604802
-7.283461
-0.361771
5.367415
4.173002
0.095536
2.985079
6.296632
7.241789
0.299351
0.752562
-2.234248
4.848685
54.919520
-7.961927
-0.666840
5.394962
-0.602100
-5.007498
-0.285927
7.342855
5.030603
-3.237377
0.365523
1.902565
3.015128
54.359801
-7.467826
0.301026
5.820624
-1.513252
-3.418001
0.783131
1.950941
5.595065
-1.705564
1.301185
1.351247
0.641659
53.416676
-4.319558
-1.508432
6.948309
-7.029480
-10.744905
-3.876937
2.643617
2.724390
-3.200182
2.275710
3.234845
-0.078738
51.798298
-6.224488
-2.240436
7.087913
-3.002100
-8.685124
0.038297
8.134870
7.113619
8.065096
4.091505
1.541613
-4.354854
53.989310
-7.066785
-4.664516
5.155204
-1.000700
-4.166803
0.637717
4.317137
3.449362
0.789354
1.725779
1.929370
1.240172
54.523679
-6.304761
-3.111931
3.892395
-5.304997
-8.440389
-1.411137
-4.154712
-0.552746
3.067552
2.955964
-1.723117
-2.448678
55.338769
-4.637209
1.954096
3.528645
-7.220536
-11.613109
-0.887482
-1.322318
0.184497
-0.018386
-2.000611
-0.108560
-0.868484
55.283780
-5.047867
1.348964
3.854647
-9.696900
-8.603330
5.283033
-5.054133
-6.019475
1.520308
-0.595222
-5.260267
3.008812
54.396769
-6.172547
-0.403363
2.511876
-6.677943
-7.563972
0.368149
-1.460308
-0.243122
6.843098
-0.473618
-5.706427
6.243829
52.711153
-6.921807
-0.141645
-0.017325
-11.431439
-6.565654
6.274979
-8.241365
6.060742
9.999325
-1.895991
-3.287212
6.494101
51.641151
-6.446523
3.046239
5.506219
-10.047967
-5.400215
3.588593
-10.519853
0.260674
5.513950
-3.963987
-4.932739
5.922904
54.235993
-1.874412
12.096773
15.358404
-7.165029
0.718715
4.306179
-6.830923
3.154633
6.688713
-4.997870
0.220565
5.641722
58.823806
-1.146026
12.228593
12.408797
-4.666199
2.969644
4.688899
4.064628
2.437342
2.556140
-1.796637
2.449665
2.466895
62.651733
0.688136
18.246932
5.790682
-6.977681
1.412782
2.952289
5.878845
3.638545
-5.247025
-3.710360
1.518508
-0.846341
62.682113
0.819089
17.271982
7.964238
-16.925276
10.667903
0.806771
-2.831167
6.900777
-8.066765
-4.811939
-1.698838
-0.987115
61.439803
1.178144
21.487413
1.780386
-13.281556
3.201481
3.443615
-0.849491
4.055210
-5.302826
2.369283
3.854854
-3.034934
61.005085
3.148884
20.060708
-2.227553
-8.707846
3.635901
4.078608
-6.188879
5.011914
-0.921152
-4.014957
3.496939
-2.856696
60.868927
2.685197
21.446453
-2.333274
-10.230099
6.641724
0.787694
-4.673938
7.862831
-7.042954
-0.994388
4.108537
-2.283370
61.000406
2.409791
20.355635
-2.123117
-10.044109
7.018631
-0.279548
-2.888349
9.848567
-9.251013
0.309852
1.634958
-1.127038
62.929747
-0.494989
18.456281
-0.377656
-9.998502
5.527741
-1.227505
-0.928288
13.398267
-10.975589
-2.039378
2.563149
-0.778017
62.726171
-0.945220
18.377825
-0.162497
-11.077448
6.525027
-1.678798
0.723566
13.579651
-13.011972
-0.091387
3.715633
-1.861078
60.587849
2.979351
15.316070
0.636830
-10.939710
7.954903
-1.118694
-0.195851
12.715409
-12.320015
1.626211
2.421840
-0.789777
59.790372
3.774230
15.893991
-1.196705
-8.488476
6.811833
2.372010
-4.900186
14.668876
-9.247299
-3.747470
3.796524
-1.250360
59.336654
5.069863
12.282063
-0.102211
-8.444874
6.041423
3.352927
-6.775610
12.380796
-6.113644
-3.553450
5.444477
-2.318143
58.808814
6.002194
9.577928
-1.182395
-6.398491
0.875857
6.435326
-8.556246
9.749004
-2.620039
-4.067587
5.136374
0.720149
57.482533
6.378103
7.724499
-1.922478
-6.099927
-3.403253
6.229680
-0.280635
3.919529
-1.394995
3.119852
0.993304
6.064797
57.793408
6.176722
4.422359
1.299435
-7.019181
3.603145
1.973074
7.079594
7.645846
-7.110991
9.783972
-0.062323
3.329586
57.413319
7.321937
7.161392
2.842995
-7.995143
6.394217
-3.917635
9.336374
2.224073
-8.210319
4.828860
3.065402
2.820219
57.708683
6.560483
8.632288
1.402917
-8.149416
7.288814
0.610087
6.278585
-2.991756
-6.216168
7.857456
-0.910764
-0.604782
56.424105
6.251446
8.190130
1.545747
-11.682231
11.865185
5.518601
3.193369
4.322362
-10.067278
4.095419
-0.104159
1.313250
55.240725
6.680079
9.874600
2.175710
-13.984518
10.477118
5.798199
5.160026
5.369830
-8.516579
2.579337
-5.757067
1.879357
55.149482
6.967216
9.618613
2.870764
-13.235546
7.670728
4.151890
6.488396
11.812034
-8.431328
-0.197680
-8.426787
1.461993
55.687497
6.821330
10.109292
3.223821
-13.695154
8.286311
-0.559897
5.898841
15.891932
-8.503041
1.374638
-9.241518
-1.115848
54.968813
11.438484
12.176350
-1.652429
-7.869906
2.496451
6.417544
9.125006
9.923419
-5.783076
-3.836409
1.081364
-2.840109
56.757687
11.072097
13.202769
0.261968
-7.374481
8.169947
7.492265
2.827965
4.654135
-8.281124
-1.315124
3.303454
-1.500529
59.693531
12.583897
8.919688
-3.654680
-9.720658
9.013565
11.287070
3.806536
0.565003
-11.700580
1.298711
4.934370
-4.008115
59.252722
14.343501
9.969639
-4.997118
-12.915261
16.685278
8.639121
-3.784993
-1.613574
-12.075007
2.947824
2.161159
-6.278896
60.212204
14.009028
7.747003
-2.717706
-12.436528
16.372693
5.862007
-7.656127
-1.516535
-10.784387
4.477518
4.471517
-9.442339
61.656461
12.386136
6.913096
-5.177860
-6.636384
16.994413
-2.036713
-9.682207
0.841989
-6.854860
-1.909963
4.316387
-8.892557
63.328870
10.708083
5.551239
-4.030610
-4.622251
11.816849
-3.346246
-6.947303
-1.568304
-4.253975
-3.719049
0.166229
-5.881562
64.768334
9.730394
5.528290
-4.346523
-4.937179
8.967395
-6.787550
-4.070681
-2.362254
-2.083083
-4.004621
-0.354859
-3.316687
65.678376
9.443911
3.145803
-2.103488
-7.193631
6.454904
-7.043808
-2.364710
-3.281528
0.781065
-3.025876
-3.138969
-0.732418
63.808551
7.180307
4.402049
-0.567411
-5.554849
6.155003
-6.536949
0.117948
-3.018771
2.834777
4.176595
-8.717541
0.428285
66.502019
6.858062
4.194607
1.079655
-5.488093
5.327015
-6.878235
-2.999113
-0.794146
-6.056006
-2.886113
-3.427328
-1.081751
66.170633
10.657155
1.876914
-1.607240
-9.443960
-0.654990
-0.742583
-10.349372
-0.773520
-3.271075
-1.714826
1.032598
-0.873439
67.833706
8.992622
-0.874297
-3.273624
-10.318484
1.112704
-2.911499
-14.320676
4.817657
-1.948830
-1.774298
2.916013
-1.512412
68.043431
8.897398
-2.718534
-5.296280
-8.885349
-2.222632
-3.177184
-13.296275
6.336636
-2.265960
-1.793682
4.778685
-4.789133
68.002506
8.213051
-2.574516
-4.741458
-9.310431
-2.219124
-2.442604
-15.696026
7.357774
-0.375237
-1.761938
4.798779
-4.069967
67.481398
8.899837
-2.057822
-5.612108
-10.927174
0.244061
-3.019715
-16.671693
10.112649
-0.951690
-1.691429
5.113377
-2.018926
67.289048
9.871970
-1.964611
-7.645774
-9.882866
0.584947
-3.249071
-13.889597
8.068858
0.507096
0.969093
3.570484
-3.590631
66.788705
9.947120
0.014077
-6.453488
-12.627016
-1.887563
-0.522673
-13.213484
5.301415
-4.189717
4.354978
5.314903
-6.071192
67.019642
9.192099
0.145281
-2.750398
-15.928982
2.711811
-0.193958
-13.411279
5.689784
-1.451525
0.321622
4.609974
-2.709539
66.449881
9.049625
0.089983
0.389630
-15.041904
3.841708
-0.567390
-11.976007
3.384857
0.967024
-1.027675
-0.730434
-3.073548
65.600459
7.547472
-1.394525
1.191707
-10.156963
1.065030
-3.122557
-10.399138
7.137004
2.109280
-3.552699
4.700109
-4.396480
63.868151
6.886491
-3.431606
0.904192
-8.106357
-3.695176
-0.995304
-7.992358
4.288443
6.537454
-3.840103
6.755844
-2.241226
63.865205
4.237044
-7.145215
2.400187
-5.564956
-5.114824
0.525332
-9.416912
7.070870
5.487411
-5.075876
7.882551
0.008196
56.229739
4.807163
-1.518305
2.047547
-0.700280
-4.866472
-7.147826
-15.052334
-0.030631
7.147374
-4.839969
5.917307
2.507426
54.719053
4.636711
-1.438602
5.205770
-3.301325
-7.255886
-8.173119
-15.198682
4.532031
1.729819
-0.182371
5.243953
1.509772
53.652753
3.001844
-2.726720
-2.308822
-1.579479
-8.042828
-7.136523
-12.074108
5.948974
6.076068
3.081749
-3.072614
1.447798
51.528441
2.560275
-1.973529
-4.236665
0.301448
-6.109903
-5.741410
-11.660767
0.642026
4.271997
3.891074
0.068857
1.986854
52.434323
1.934519
-4.120425
-1.843133
-2.915966
-3.443004
-6.512968
-12.703266
-3.143138
-1.384792
-0.223766
6.994473
-0.161367
60.238964
1.288033
-8.828925
-9.234010
-2.596401
1.892333
-2.003089
-10.887168
4.350346
-2.734058
-6.316947
2.408011
-4.311465
60.954996
2.616837
-7.179710
-8.868841
-0.981314
2.185191
0.908073
-12.982324
7.038647
-1.667570
-6.318098
6.529527
-5.049081
59.293739
-1.104399
-4.696028
-8.402880
-2.044474
-3.141819
-3.083883
-17.176073
3.597230
-8.078196
-6.894796
14.096103
3.366377
55.615107
-1.741471
-4.068133
-5.683046
-1.146251
-0.498544
-5.439739
-10.893952
7.657122
-3.374294
-9.522839
5.991717
-3.588126
54.196049
-2.218155
-7.096957
-5.987687
-1.460635
-2.144391
-3.941791
-2.394035
11.303343
-3.776419
-0.665719
2.080267
-3.880633
54.372957
-1.570587
-9.264955
-6.182233
-0.778492
2.096882
-2.840959
-6.189797
7.784277
-6.339915
-1.420599
7.018633
-2.186157
57.096901
4.588562
-3.019083
0.401957
-5.345839
0.429696
-1.398614
-2.845816
11.571247
-0.976564
-0.385852
2.512040
0.627516
61.224816
9.671195
-1.197136
-3.115497
-8.691500
-2.403375
0.856252
-5.420392
11.408381
-6.708257
5.026591
5.594580
-4.485476
64.422324
10.868754
-1.123211
-2.719938
-9.523821
2.728214
-0.917624
-10.394018
9.438308
-5.704610
4.259019
3.128766
-3.660546
65.041382
10.294405
-6.119257
-1.147269
-6.759068
0.673931
-1.739931
-10.628014
12.743075
-6.781558
5.304520
3.721864
-3.666804
63.411818
9.623849
-0.920358
-3.077735
-6.767784
0.733282
0.580130
-9.659661
7.277595
-6.091182
3.269723
5.414553
-3.233065
61.393455
9.688707
-0.965026
-2.802861
-5.968434
0.059098
3.426330
-11.101475
6.769470
-1.659778
1.480807
1.971304
-0.761662
61.121982
9.952075
-2.888737
-0.382720
-3.260932
-0.039298
3.341716
-6.485563
0.114557
0.111106
-1.080211
1.207138
-2.039932
60.450670
10.175276
-1.619982
-2.537050
-1.756041
2.247977
2.342939
-5.911544
-0.431728
0.492076
2.450675
0.981531
-1.126366
60.429466
9.241980
-0.889703
-1.490088
-4.696172
2.953407
1.901642
-2.006825
1.052980
-3.577752
5.852419
-1.686046
-4.107112
60.386823
8.097301
-0.715128
-0.163268
-4.342086
6.170269
-2.349932
-0.089324
3.824704
-6.819732
7.637341
-7.892179
0.315801
57.735463
6.820907
-0.811739
-0.221314
-5.095026
3.442236
-3.274921
5.557118
7.152688
-5.143802
2.022052
0.073414
-1.111420
56.446056
1.063938
-2.513328
1.594985
-5.390178
6.299025
4.928218
1.327447
4.833947
1.147597
3.359361
1.107859
2.022838
55.914731
-1.730954
-1.874429
1.909071
-9.425690
-4.179076
3.550976
3.859214
4.096679
-3.157369
1.681912
-4.276945
3.955417
56.161577
-2.508100
-0.859716
5.968700
-8.029775
-8.792503
-3.309455
-0.903489
3.621874
-6.291015
1.962749
-0.628229
4.404954
56.036292
-3.445327
-0.643242
-0.784073
-4.240096
-8.053276
1.314472
1.599143
1.830917
-0.159116
4.839286
0.103071
-1.354567
54.543406
-5.078774
-1.363030
-3.512896
-4.397480
-3.041230
6.876887
1.441520
2.696588
-1.704209
2.787986
0.210616
0.189444
53.910314
-6.240080
-1.459696
-0.505190
-2.490947
-1.662749
8.216309
6.676805
6.992917
-2.981563
-0.081027
-3.297736
-8.028269
53.809242
-7.019363
-2.079785
-2.513325
-6.351730
-2.526521
9.822183
5.741664
9.501569
-2.192859
-0.807897
-2.599321
-6.753579
53.072952
-6.642072
-1.906348
-0.377154
-9.414693
-5.704764
11.914468
2.146254
3.723088
-4.783588
5.575888
-2.903809
-0.864314
53.831506
-5.947169
-3.479000
-5.521672
-4.746285
-6.527224
4.156311
4.468012
5.425533
-11.535140
3.470633
-1.886154
5.887339
53.943774
-7.237860
-4.062278
-6.571351
-9.193628
-1.091131
5.488611
-1.628208
8.734262
-9.875276
0.593120
-3.394670
-1.002514
54.456551
-7.190819
-1.956783
-6.338324
-8.592963
-3.121389
0.771425
-0.721307
9.093494
-0.492158
2.548546
-2.909615
4.001500
55.085292
-8.112711
-2.385021
0.610383
-8.705654
-7.361469
-1.559558
-3.822185
5.425120
-7.661533
4.650936
-8.185322
-3.029506
55.528079
-8.730734
-4.004495
-2.561704
-10.570865
-7.841092
-3.872529
0.922634
4.278347
-6.125131
-1.495596
-3.369699
-3.078233
56.517309
-6.179591
-3.716462
-5.972374
-14.601920
-7.730817
6.532971
0.050647
1.747553
-7.010625
-2.798556
-5.850247
-2.071509
56.294010
-6.107035
-6.553462
-3.823884
-6.923819
-1.395468
3.422419
-3.089197
3.090795
-8.487765
0.224629
0.615692
4.120968
