50.971111
-4.952644
0.368564
6.579314
4.570743
-7.244344
2.222640
1.698090
-7.888131
-6.889632
-1.131580
4.526166
-4.010075
49.014155
-8.221348
1.071611
10.219539
1.048938
-12.988310
-3.435475
0.890351
-6.491913
-1.736218
6.314359
3.997264
-6.266784
51.082107
-9.377382
0.562797
6.739449
7.622049
-14.689935
2.173177
0.549638
-14.263833
-2.648816
2.493096
0.684334
-0.920639
54.393452
-9.531584
6.931423
5.286413
5.484320
-9.180660
-2.533159
3.729035
-8.033589
-9.841957
0.342860
2.520241
-3.005190
55.281341
-12.438635
5.712753
0.377756
0.637533
-7.868394
-5.484154
5.888279
-8.679636
-9.062214
0.051793
-0.263795
-1.113663
55.626140
-13.131078
5.250192
0.014390
-1.012506
-2.477491
-1.480663
5.912352
-5.978273
-5.082988
-4.725665
-4.094406
-1.169976
58.119649
-10.652723
7.176550
5.900662
5.269333
-5.866201
0.921545
11.960506
-9.725772
-8.468996
7.628468
10.056131
1.880458
58.766876
-11.022905
3.967858
6.404144
-0.777166
-6.856303
0.406298
4.360927
0.760157
-6.382948
5.136381
5.623567
-2.108278
58.360561
-12.916511
1.261871
-3.067434
4.653520
-6.713998
-3.204413
6.054574
-0.754671
-5.104511
5.224993
7.391866
-1.544141
60.536951
-12.691080
-0.855083
-1.365054
5.819969
-5.336631
-2.853621
6.310419
1.884107
-0.967920
-3.280572
-1.299564
-2.761788
58.201597
-14.899882
-5.120863
-1.174123
3.694615
-8.070895
1.764160
1.380266
4.123299
-1.943160
-0.304819
4.401024
3.728454
59.153314
-14.623255
-3.734062
0.377389
-1.548566
-4.673615
-4.464176
4.547429
3.042667
-2.120460
0.449791
8.108251
3.497296
58.715489
-15.353812
-2.168557
-1.990260
-4.398494
-1.749341
2.909194
5.281221
0.975207
-2.467900
1.465981
3.682082
4.167443
59.895923
-16.763651
0.380272
0.316569
-2.443895
-6.912212
-0.239872
3.280537
1.414598
-4.285997
3.669295
4.835334
0.651770
60.621161
-16.333672
-0.980098
0.282596
0.081813
-7.768311
-0.423832
-1.571775
1.863424
-2.914578
1.697059
-0.976267
1.082838
61.502706
-16.783177
-0.855801
-1.267174
-0.983415
-2.144800
6.792069
5.358209
5.945754
-7.458901
-4.598643
-0.666226
1.021109
62.391762
-16.104369
0.496095
-1.887736
5.029124
-8.302821
4.514211
2.357487
1.984590
-3.540022
-0.858674
-1.328773
1.654274
62.477712
-15.779704
-2.277408
-2.318755
7.775096
-11.734055
6.175666
0.373391
10.654275
0.238880
-0.149513
-1.513239
1.875247
63.345755
-13.167276
-3.497487
-3.266650
11.037656
0.146490
6.946254
5.029724
14.271607
2.712689
1.071969
-3.651176
1.252589
60.406216
-12.196456
-6.289768
-6.683299
10.242299
4.251129
-3.388059
-3.559876
8.754375
-0.377606
-6.722802
-4.102193
3.991621
61.165513
-8.121617
3.870728
-3.819801
3.939278
5.058248
-4.166616
-11.667279
3.887453
5.316661
-1.188548
1.549895
0.150523
62.075412
-6.089388
7.794187
-8.985392
8.706713
3.292498
-6.326565
-11.676191
2.055087
10.594801
-7.613021
0.801352
-1.023074
62.957528
-4.941390
6.246909
-9.973755
9.609287
5.308074
-9.216880
-9.112921
-4.343268
14.608696
-6.361535
-1.739638
-5.748173
62.512085
-4.799961
3.982026
-9.980733
7.349402
3.311096
-8.582761
-8.444025
-1.633670
14.517244
-3.283533
1.195313
-5.251881
62.140064
-4.542115
3.609990
-12.764123
8.842046
2.972233
-11.048911
-5.390460
-1.925770
14.093194
-5.261839
0.932358
-3.129300
61.062719
-5.658420
2.783591
-10.089816
6.781534
7.437157
-8.406055
-4.927170
-0.989901
9.364227
-2.513764
1.681874
-1.346042
59.499480
-5.953659
5.766719
-5.959521
7.636823
12.218235
-11.663504
-5.763899
1.894963
11.384596
-5.602949
-4.191276
1.386183
58.241530
-6.456965
5.614679
-0.929260
7.371168
8.357425
-8.330002
-6.782512
2.457654
9.002635
-0.089018
0.599528
0.411825
57.653219
-7.460702
8.365562
0.212400
5.753397
7.044061
-13.824041
-1.129010
4.102485
9.938198
4.718423
-4.435942
-2.446776
57.248462
-7.210937
8.810387
-0.911837
4.361467
7.571188
-15.913226
0.703969
-1.889545
6.757409
1.929444
-3.515921
2.422179
56.410704
-5.721855
6.197346
-1.798762
6.058429
9.046475
-8.504401
-2.048675
-3.063066
3.086495
0.248421
7.899576
2.304175
54.229218
-8.762631
3.718969
-0.238291
1.690048
13.329012
-2.022316
-1.378546
2.708517
6.681418
11.817430
3.446717
1.112919
51.883802
-8.615579
6.161661
0.448368
2.822995
6.005728
-1.642360
4.234944
6.274520
-0.066418
3.113110
-2.517853
-0.518224
50.283321
-8.490226
2.849101
-1.977567
1.326829
-1.175824
-1.875221
1.512864
1.778801
6.370105
1.976101
3.501994
4.104661
48.453150
-7.330472
4.438755
1.476043
3.227478
-1.431068
-0.597475
2.487466
7.529444
5.942877
6.164908
2.743155
3.157266
47.981846
-7.532043
1.219249
-3.576547
1.895836
2.946069
0.726707
3.024476
0.187528
-6.194696
3.359742
0.541486
3.472852
50.038400
-4.898803
1.612108
-2.317587
4.763385
-0.323306
3.087082
2.756468
-2.057477
-0.767419
1.594935
-5.753429
-0.005923
49.417333
-7.088312
-0.075544
-2.768338
7.232329
0.776800
-2.603642
0.526616
-3.398041
-6.946168
1.618901
0.082645
0.666568
49.415569
-7.880876
-0.759600
-1.169676
6.210335
-0.962301
1.422089
5.025214
-0.006944
-2.502820
-0.516917
2.089270
0.893702
49.397723
-7.383645
1.153867
-0.286579
4.068991
1.808908
3.079180
3.496767
-2.412083
0.605459
3.622488
1.144715
0.227237
50.171362
-11.339584
2.156478
3.429725
0.603544
-5.359240
5.235440
1.181748
2.069006
2.111484
-0.373113
-0.128592
5.550311
53.551937
-13.332965
0.340526
5.593512
4.918853
-2.456972
10.174349
2.531891
4.149873
2.699704
2.413786
-0.840697
-0.456501
56.677981
-9.737454
4.564972
9.845012
2.944853
-5.705635
0.124889
-4.454358
-4.574590
3.354481
2.209310
3.556986
-2.397642
57.855152
-8.297011
4.097445
5.578994
1.946768
-3.422717
-0.568927
1.651524
-3.294659
-1.260996
2.229853
-1.207656
-0.921520
56.254660
-12.833829
0.678807
-3.931453
-0.378757
-3.843771
2.744089
-1.883706
-4.462626
0.953123
-5.650621
0.252307
-1.747754
57.722150
-15.214782
1.675563
-1.713103
0.207783
-8.139214
5.877235
4.501906
-7.254763
3.185591
-2.226625
0.495063
-0.250953
61.107837
-14.104549
-1.492861
1.068447
-2.948308
0.572889
11.211825
-2.032870
-7.973643
1.502029
-0.028776
-0.530350
0.740456
59.896452
-12.938157
-0.615494
2.754438
-4.510197
-0.121820
10.057272
-7.000014
-7.835117
8.506509
-1.878023
-1.381403
1.648692
60.059712
-13.570559
-2.107252
-0.784764
-6.167348
2.482530
5.262008
-14.268318
0.301328
12.301321
-7.164885
-9.358627
5.468874
60.001347
-13.839081
-0.312345
2.189274
-4.054637
5.492013
11.561299
-1.060041
-5.242257
10.271917
0.295940
-7.510656
2.487604
61.569972
-12.556705
3.121092
4.282518
-8.132129
-2.460516
8.463948
-6.207163
-2.034859
7.987456
-6.759606
-5.243756
-1.233142
59.984145
-16.586219
4.012148
8.721567
-8.750696
-2.764822
4.496626
-8.562850
-4.108727
7.511742
-13.279961
-2.726208
2.662271
59.790014
-18.180140
7.792873
8.521311
-9.572569
0.092063
10.801745
0.632667
3.987459
10.843854
-18.000455
7.672746
6.175061
62.069411
-15.611343
7.072744
8.554470
-9.074753
5.286910
4.953008
-11.524728
-6.727194
1.002296
-8.755640
8.023786
5.938368
58.553307
-14.431798
6.097242
7.415516
-7.162004
3.364330
5.925052
-7.116507
-5.473338
4.707403
-4.941759
6.842722
-0.202744
60.497795
-14.771325
18.255439
5.053816
-4.099115
1.145742
4.185018
-3.690030
-0.351994
-0.287147
2.033721
5.488590
-0.424620
60.695408
-15.084507
24.508582
1.687988
-6.574886
7.216002
5.312941
-7.608632
-0.998227
-1.109291
-0.572407
2.646824
-1.299969
60.144031
-14.262891
23.673979
-2.130451
-5.193576
9.197919
-4.531299
-4.764880
6.130914
-0.001377
-1.090597
4.317591
-1.497944
59.922384
-15.109000
22.726399
-1.327600
-5.358708
9.721011
-3.005709
-0.944935
4.065528
0.693804
6.368420
-1.983381
0.080999
59.492387
-15.878666
17.531220
6.478964
-4.843714
12.466429
1.676910
3.559256
0.294542
-2.640954
2.476591
-5.069790
4.793492
58.375763
-16.730353
16.237571
8.073427
-8.083976
7.015548
-2.059282
-1.137024
5.210800
6.357400
11.685247
-0.965349
3.483078
54.822035
-11.034843
13.627249
5.353265
-5.984922
7.773217
-3.908872
1.780874
8.953853
10.108464
12.190601
-3.723529
-2.186536
53.714167
-8.594085
8.203939
4.899162
2.585527
4.733451
-0.690874
3.792833
5.801926
3.816535
8.094617
-2.545550
-2.406610
53.088982
-10.288675
6.888568
2.553230
4.330199
5.233057
-2.783862
7.481499
7.266439
5.717533
2.171595
-1.282968
2.546421
53.431492
-10.589480
6.307719
2.478789
7.655142
9.569993
-4.654206
-0.935101
-1.620300
9.665408
3.930290
-7.145493
3.342120
53.702585
-8.411351
6.765203
-1.058982
6.057203
11.663605
-6.947512
0.405267
-2.642759
4.943779
1.202636
-1.889156
2.068998
53.594902
-7.935418
4.262630
-0.919538
3.140942
12.054198
-1.928598
0.321572
12.100595
7.419220
-0.985151
-3.603307
1.117236
53.265947
-8.911591
5.659382
-4.699882
-1.491571
12.330521
-1.860898
-0.178531
12.486109
4.862670
6.665206
-1.029534
2.807926
53.650107
-8.709132
6.591983
-4.100635
-1.026474
13.280773
0.467323
-2.449385
12.998880
-0.937609
11.407042
-3.310473
10.315556
52.977068
-7.799061
9.355633
-4.840850
-2.277311
14.006066
-4.283393
1.775366
14.443335
-5.743528
11.998464
-2.077792
8.032375
53.564568
-3.044738
6.677285
-8.590564
-5.251680
13.277059
-2.478429
5.731050
10.118736
-2.094195
10.176109
0.626441
7.227437
50.925092
-4.400075
7.242132
-1.016326
-6.908033
12.425723
2.853508
-0.784599
4.519927
0.227277
12.696284
6.562998
4.126414
53.564731
0.544613
9.584216
-5.849933
-8.005743
4.271452
8.514131
4.143449
7.696955
-5.780016
0.389338
-2.217660
1.484987
52.912129
1.241414
8.404534
-4.545404
-8.435978
4.809356
10.493357
2.794620
3.739740
-7.821340
2.512916
0.422676
-2.238261
52.905531
2.445067
7.802610
-4.278050
-6.720466
7.796336
7.705371
1.145651
1.018321
-8.397162
4.557571
5.801537
-6.647059
52.420794
1.808988
6.261058
-4.546562
-4.880871
5.520545
9.071208
2.187258
-1.666180
-7.786306
1.552028
3.128062
1.714145
52.300466
0.744914
3.996753
-8.059814
-0.400524
9.598686
5.164728
0.956321
-3.267384
2.729362
3.743421
0.023787
3.164900
54.307445
0.379805
4.820674
-8.167993
6.220582
6.311606
1.184333
-2.403302
0.995768
5.742438
-5.508500
-6.700054
0.575696
57.513709
-0.765135
4.813796
-11.456111
10.318221
8.158775
-3.010652
-3.510248
6.211754
5.283108
-0.037657
-7.798297
1.116503
59.651611
-0.992045
5.609679
-9.287198
16.023135
9.363464
-9.695639
-10.820806
15.472870
-2.311163
-3.720846
-8.355475
3.415475
61.270974
-3.009234
4.952981
-3.955679
12.975694
10.938998
-13.583376
-3.460598
14.499793
-0.751575
-3.138534
-5.073068
4.517307
63.040193
-5.054738
3.606117
5.340157
1.214896
15.009024
-18.660843
1.736372
8.186456
0.080061
-4.292283
-2.786674
4.049297
61.570567
-9.210921
0.447187
12.358714
-1.924629
4.114241
-10.919535
-9.446804
6.950962
1.417074
-7.678342
1.229272
6.416205
59.617883
-12.444369
-2.978502
8.575943
-5.760579
9.635479
-7.210935
-4.707013
10.021798
3.118424
-9.172916
1.374764
3.767976
58.950596
-12.228345
-3.933648
3.950882
-10.250733
3.609303
-8.336272
-0.573232
8.327368
2.484990
0.162873
-1.071862
3.953001
61.846537
-6.074133
-0.840977
4.776013
1.274729
1.833060
-15.046224
2.798078
6.181185
-10.222752
1.708391
-2.720179
-3.133650
67.302024
-3.790919
-2.469139
2.894513
-0.818324
-1.085260
-11.442223
1.047372
1.450762
-4.153179
-0.235926
0.830850
2.229671
66.519294
-4.636475
-3.134616
2.548000
-1.904082
-4.298487
-10.314727
-5.073781
10.790489
-0.717896
-8.527618
1.875590
1.383890
66.115507
-4.443924
-3.866526
1.464300
-1.805778
-3.694620
-7.497105
-10.439423
10.628001
5.825673
-8.673092
1.890491
0.969466
65.166639
-5.141407
-5.192201
0.440943
-0.507502
-1.595089
-5.667912
-4.934280
8.519330
4.503536
-10.282478
2.065323
3.718249
64.489535
-4.489705
-5.583357
-2.155390
-2.246943
3.187236
-3.951634
-8.997094
12.890882
3.045284
-14.992941
2.774384
3.957307
63.886824
-5.428350
-8.037842
-3.821663
-2.440252
-3.148210
3.551630
-12.609725
14.594474
12.993348
-17.270260
3.313360
2.933183
63.738595
-3.829142
-7.350512
-1.375143
0.061068
-2.981081
1.865399
-19.436091
12.455126
6.666604
-9.756010
-2.678520
-1.233975
61.261443
-1.988231
-5.195490
-1.086751
-0.128954
1.536862
5.447880
-17.072719
6.226263
0.552920
-8.609742
-3.480045
3.536164
58.582923
-0.798163
-7.432602
-5.112689
0.007888
4.140270
3.749766
-18.430814
7.396496
0.280942
-10.612288
-8.571395
4.104014
54.980778
-1.857370
-9.785346
-8.234025
1.569320
0.870794
1.316270
-14.178484
4.932923
3.832160
-7.168169
-10.489537
2.794609
51.282190
-5.032784
-5.562026
-5.463480
4.956963
-4.895464
-0.552610
-7.334369
4.371728
2.166302
-2.684056
-1.789757
0.404750
50.038242
-5.404996
-4.496923
-1.940628
1.447420
-1.414717
5.704625
-1.294525
11.372863
2.406233
-2.798437
4.718216
3.516080
48.323410
-7.830576
-4.347891
-1.520313
2.194650
3.603519
11.482209
-4.034647
0.944740
-0.910515
-6.882695
1.023343
-1.578975
51.104830
-5.529266
-12.899539
-8.116025
6.125289
4.307153
-1.100850
-4.540690
-4.501959
3.144708
-9.412055
-1.897720
-0.017926
61.074034
1.011699
-15.293357
-10.527242
10.513189
2.262401
-5.363557
-4.168031
-2.393770
8.618734
-3.998330
-3.645336
-0.220574
61.269682
1.065305
-12.399921
-11.755007
11.135057
6.002286
-7.635750
-6.760206
-2.466032
3.474921
-10.159410
-6.949823
-5.136436
61.105259
-1.202513
-9.641558
-7.537081
11.230448
6.650329
-8.407212
-2.318160
3.690048
-7.205661
-7.344975
-8.458866
-0.210737
58.821657
-3.220456
-11.342891
-9.948524
5.147651
-1.070130
-7.873932
-7.884965
4.982679
-0.691285
1.375255
-3.602249
-0.463017
59.064180
-2.168487
-7.428488
-7.306454
0.498791
-3.016632
-7.029223
-11.692044
10.182572
-3.236233
-3.346333
-5.239541
-6.354999
60.805235
-1.705217
-5.753281
-4.582389
2.504010
-0.068118
-15.019001
-9.934356
13.199702
-4.638736
10.343289
-7.590088
1.730657
66.139726
-2.064814
-4.764933
-6.989035
-4.933014
-0.927431
-11.387052
-6.961522
13.829716
-4.794937
3.918299
-5.801157
3.766386
67.566850
-2.431768
-5.256796
-6.434591
-4.110611
-1.777469
-10.724913
-3.746840
17.560801
-2.823964
0.252560
-5.201999
3.043580
65.700129
-1.890404
-3.436048
-3.347191
0.646315
-4.492962
-9.907486
-8.378434
13.540807
2.186112
0.942458
-2.806245
-0.869054
66.223454
-2.649395
-3.271891
-3.781563
-2.340930
-1.734472
-8.701073
-9.068015
8.697432
-3.205013
4.228981
-7.392669
-0.110079
66.939301
-3.356675
-5.724337
-3.611832
-3.471923
-0.057396
-8.449812
-6.514404
15.440549
0.933802
-0.039940
-6.060102
1.048675
64.762674
-1.681911
-5.133905
-2.026305
-2.207670
-1.447089
-10.622031
-4.120693
13.850912
-10.598743
-4.090992
-0.771191
4.282875
63.847369
-2.448827
-3.542345
-7.856693
-0.017099
-3.553958
-12.004085
-2.669702
12.113603
-6.775411
4.460677
-5.407562
3.049272
59.904065
-3.635993
-6.255365
-3.392042
4.293237
-4.137807
-7.779743
1.061675
11.080944
-5.831235
2.336524
-10.095537
2.018671
58.450389
-0.632180
-2.601577
-4.009072
0.768443
3.144314
-15.237437
0.782046
13.652010
-2.499589
4.598006
-5.771439
6.266103
57.129929
-1.999964
-2.707946
-0.304067
3.956469
-4.964445
-9.955263
-3.370557
1.606733
-10.134964
7.268984
-6.817082
5.991989
56.210406
-7.336347
-3.241368
-1.898722
6.472234
-2.853356
-6.126923
-3.640988
-0.215893
-6.611435
4.995544
-3.512092
10.754937
56.511899
-14.254926
0.991893
-5.374797
5.037546
0.040620
0.672680
2.460427
3.776042
-5.336198
-1.682340
-6.399268
-1.209542
57.242567
-12.987439
1.471356
-4.289672
1.439457
-5.810559
-3.106029
0.895009
8.888535
1.988107
-2.424848
-6.149908
4.943776
57.314966
-12.636032
2.068824
0.171209
5.649043
-4.875051
-1.254838
1.825023
2.013087
3.447142
6.052300
-7.882296
3.408673
57.528401
-12.637584
1.278450
0.903394
4.930192
-8.979664
-3.380097
-2.719910
-4.706492
-2.521107
1.713175
-6.337077
2.757578
56.090804
-13.011875
1.152436
-2.818832
7.332992
-7.230776
3.364338
-6.105173
2.701995
-5.297695
4.213134
1.428647
5.875116
56.814326
-14.218014
3.310670
-0.427234
11.931043
-8.820688
-1.030721
-1.989645
-0.048758
-5.376788
-3.802368
0.605820
8.027084
57.554644
-13.398511
0.153075
1.229875
11.435975
-3.035681
5.221590
-3.672561
2.434061
-3.941113
-1.029116
0.037061
4.824306
58.085864
-15.253226
-2.035782
4.945494
10.311412
-8.682669
-0.421899
-1.906491
5.238579
-0.706596
3.365329
0.010008
2.664397
57.891608
-11.815614
0.542276
2.603737
10.137507
-3.735343
-5.049090
-6.854667
3.621303
-1.128797
1.858968
-8.929760
2.952409
56.685507
-7.887652
-1.114709
6.599960
12.132622
-6.763959
-10.950756
-4.036181
9.535679
-7.534071
0.590817
-6.709857
2.222576
53.551106
-9.646207
-3.312829
2.490752
13.427027
-0.695320
-3.066475
-4.185780
10.097322
-8.453923
-4.467819
-6.421750
5.954490
56.377306
-3.035280
3.613848
0.098334
13.765357
-2.843645
-13.579159
-10.411565
14.074978
-2.883813
6.574918
-3.277510
2.338225
55.799720
-6.246691
1.920324
2.198614
11.767797
-8.453227
-12.320796
-7.970865
11.515335
-6.368483
1.943658
-8.576742
0.790228
53.351711
-5.165616
1.006514
3.498719
15.373958
-3.077556
-10.426339
-3.958139
1.393670
-4.283088
11.088911
-3.515845
5.062986
53.166039
-4.421285
4.107257
5.638864
16.810356
-4.435091
-16.598372
-2.857665
2.986797
-3.033090
12.229055
-1.627352
7.941107
52.526818
-4.086272
1.042930
-0.224410
13.175231
-7.620277
-9.619792
-2.962708
6.333011
-1.218107
9.133481
1.216366
0.717167
50.554667
-6.268151
-0.016103
-1.526607
4.728123
-4.365037
-11.939443
-1.979097
5.770543
-4.911533
5.530152
4.018625
3.809937
49.296449
-5.249352
1.250386
2.680691
8.892711
-3.632466
-3.293005
0.987874
1.044302
-8.059886
-1.426850
1.847791
3.147688
47.455853
-3.904144
3.342588
0.506435
5.170373
-5.451209
6.231452
5.711043
-1.821338
-6.987387
-4.350729
-1.055370
-1.632953
48.005790
-9.325870
3.159378
-5.903442
5.773325
-6.769116
1.536484
1.139795
9.906433
-0.750064
5.412447
-7.120911
2.539866
48.103465
-7.981478
4.686253
-3.797030
6.007013
-5.359364
1.635487
-2.895812
9.493305
-2.783627
-1.235710
-4.477958
5.604185
47.222541
-5.446156
4.406951
-2.022368
4.488774
-3.824573
4.151715
-1.944240
6.247324
0.432044
1.289216
-0.040905
4.898478
47.378669
-6.056209
2.360044
0.273509
0.073416
-2.710262
-2.057895
-3.410040
0.905829
0.569529
-2.500301
-6.759013
1.445965
47.612979
-5.556990
4.551917
-2.493430
0.021936
-3.702811
0.842355
-0.538922
3.148498
-3.252808
-0.195649
-6.523852
-2.828583
