45.223937
-9.062476
-1.962624
-4.606969
5.975797
4.222709
3.924347
-5.165270
-6.445140
-4.792576
0.141986
-1.892798
-0.349548
46.069791
-8.902245
1.441683
-0.119402
-1.291934
-4.412695
1.165562
0.686209
-4.742086
-2.403172
-4.601305
-0.792357
-4.562131
51.468671
-6.374625
0.036017
3.728880
-2.134731
-1.051392
-1.882854
1.707610
2.642304
-5.120097
-4.362453
-1.520356
3.721414
47.363664
-9.329741
-1.297103
4.098275
6.065233
2.480549
-3.309051
-2.915448
7.551119
-3.513425
0.824500
-3.245309
2.192329
46.854435
-10.280760
-2.890624
-2.368232
0.459982
-9.962001
-5.464628
-1.527917
3.036102
1.855216
1.785088
-4.241093
0.626981
47.919829
-10.983264
1.200943
1.637794
4.521034
-2.457096
-7.114226
-1.095930
-2.814946
-3.680825
-2.196381
2.009808
3.352597
50.051555
-10.541264
-4.453354
2.569792
0.460571
-6.236656
0.919779
1.444986
-0.433604
-4.401033
0.282640
-2.465280
-2.368476
51.372904
-8.205034
-2.827276
6.474643
9.207641
-2.039848
-5.299214
5.550765
-0.563245
-0.753352
-0.518609
-4.788329
1.898861
52.694194
-10.820417
-2.983727
4.128310
9.984494
-5.116309
-7.286754
4.462781
-0.147306
-3.512570
6.109724
-6.982169
4.567700
53.002036
-14.959371
-3.024980
1.205968
9.151972
-6.961349
-7.087992
-4.513690
5.212974
0.415054
-2.825033
-3.730436
3.189728
53.689061
-14.389405
-0.466038
1.854503
9.452584
-1.136646
-2.387350
-2.197405
4.847915
-7.293576
-1.297198
-0.757968
5.727194
55.052525
-12.127139
1.697950
1.717368
10.719673
-0.600904
0.553090
4.569306
7.807497
-1.022075
-4.036549
-6.306311
5.001513
54.276378
-12.553148
1.246132
0.346857
7.520224
-9.013815
-3.336192
-1.913420
3.244436
-1.087020
1.231276
-4.212870
0.600264
54.235294
-12.836910
1.137030
-2.573389
7.610995
-8.962914
-3.237652
1.276993
3.123011
-4.278457
-0.040948
0.560535
4.616220
53.721106
-11.878627
4.624036
-2.716848
4.177405
1.102548
3.243063
-0.023801
3.551086
2.082958
0.770727
1.833008
-1.444475
52.992215
-11.358531
3.288218
-3.776050
5.879707
1.943001
3.883705
3.215564
5.610427
-0.832108
1.953908
-2.874901
2.020213
54.769996
-9.589279
1.163247
-4.509823
5.231318
0.514902
0.106592
1.524704
3.490365
-0.040907
0.500409
0.348408
-0.769507
53.793801
-9.584566
1.305081
-6.415410
2.558687
-2.227410
0.337695
2.695905
0.129611
-0.193524
-0.664668
0.005045
2.670022
53.984038
-11.845359
1.096679
-2.985923
5.556234
-2.346152
7.583002
4.866168
8.596891
3.054196
0.279557
-4.430135
4.545786
55.163924
-14.396421
-1.231313
-2.950879
8.966660
-5.372990
2.802460
4.606124
2.421315
5.944919
-3.470758
-3.398855
-0.447684
56.996752
-14.429810
4.120434
-4.200304
12.531155
-0.058539
5.130613
5.465313
1.277013
-2.240058
-5.998960
-6.404474
-0.653869
56.114921
-12.531599
3.236093
-4.712557
11.134861
1.498916
8.610050
-0.833150
2.932906
2.003159
3.273853
-4.995685
-0.302342
54.048368
-10.607197
0.022016
-7.050888
13.140782
-3.087652
4.243661
4.844002
4.951864
4.867653
-0.530418
-6.843175
-3.833758
53.331659
-7.956103
-0.573426
-5.420540
14.517837
1.914779
1.266208
-2.964702
7.823204
6.506805
-6.140679
-9.774587
-4.269254
56.679974
0.749058
3.855548
-5.953527
9.940454
1.662654
-6.224587
-5.449528
3.166623
0.981435
0.020070
-2.264743
-0.388240
56.479416
2.573081
5.873557
-9.208599
3.087911
1.309231
-4.809552
-10.695718
-0.854566
4.009525
0.640485
2.754748
-3.558034
55.907098
3.317492
5.828402
-9.294882
-6.857672
7.531548
-3.251735
-5.007889
-8.940922
4.835872
-0.557558
4.658989
-4.725228
55.869059
4.130172
3.364373
-9.692851
-3.733291
2.495251
0.459978
-9.709295
-10.302813
3.434404
-0.564220
6.429430
1.525942
55.139329
3.870436
3.474716
-10.514427
-5.455756
5.819386
-0.178244
-6.975576
-11.554081
-0.306763
5.845837
5.625218
2.718735
56.021071
3.243464
1.439590
-8.680637
-5.915922
5.225787
-1.512306
-4.513718
-8.999195
-0.611047
0.675945
2.425268
2.371660
55.731639
0.943762
4.946649
-7.080561
-4.562647
7.333988
0.243634
-6.543420
-7.959086
-1.376517
0.942799
2.356545
5.906529
54.452846
-0.007752
3.164959
-6.774563
-1.259213
9.629715
-1.785887
-10.847192
0.414694
-3.183570
3.294668
0.069723
8.724329
52.970999
-1.527683
6.895508
-0.017468
-1.195554
5.922570
-4.004037
-9.611518
-0.024884
-4.910380
11.329654
-0.749672
8.890969
51.270840
-2.936885
5.818295
-1.626672
0.942857
5.121170
-5.307950
-5.594253
4.150393
0.538418
4.786254
3.869032
5.777549
50.067193
-3.248742
5.948929
0.445661
0.919610
6.317076
-5.534766
-0.047731
8.999892
1.048386
5.383344
-5.201294
2.547372
49.877087
-4.708843
4.827123
3.608076
-0.694827
8.294287
-7.490865
2.138270
1.991851
2.133770
9.529570
-4.874086
2.346340
48.528810
-4.432855
3.954577
1.009032
0.670302
9.214633
0.675757
0.753244
5.189457
1.804885
6.755653
-0.748603
-0.170377
47.851633
-6.371118
3.949469
-0.865752
0.957085
6.499487
1.021092
-1.151434
2.365419
2.702049
11.264142
6.953805
0.151163
51.682080
-4.858135
1.851949
3.039361
-0.119808
2.451043
3.633139
0.428124
0.351617
-1.894666
2.345737
2.082543
-0.098308
47.678091
-7.299313
2.876007
1.471542
-0.114526
-5.204613
2.871328
-1.016885
1.000100
-0.197060
6.005367
0.096624
1.475220
46.092728
-8.996301
1.666824
2.509888
-0.798942
-3.135485
5.067000
3.556940
2.449677
-4.908778
0.579519
0.954955
0.292421
47.327599
-10.123474
1.793871
5.634364
3.122217
-3.503236
4.563306
3.234395
7.051431
1.621080
5.459768
0.010372
-1.316662
50.746200
-8.470311
2.560150
3.728165
5.443670
-0.341522
4.731487
4.336828
-5.641534
-6.998782
3.672611
0.592677
-0.800906
53.913130
-3.626138
3.138051
-0.619466
3.049973
-2.484145
8.974739
8.165452
-3.236342
-9.588749
2.077482
3.693329
1.195302
52.491471
-6.848568
0.193128
0.547724
2.241845
-3.459901
1.317285
3.380516
-2.812496
-5.234883
0.456848
-0.617032
2.622821
52.311113
-9.373964
-0.727658
-0.254910
5.073317
-1.534660
1.480976
3.081091
3.335932
-4.127080
-0.743503
1.506047
-1.337914
53.150883
-10.096360
0.647428
-2.282057
-1.039617
-4.804624
2.911462
15.258990
0.754114
-13.644737
0.154758
1.956642
-8.391802
53.344872
-11.162559
0.386547
-0.300475
3.320806
-5.943054
-1.491944
12.034767
-5.912742
-4.758750
6.136458
1.732013
-1.151358
52.545560
-11.141031
-1.494380
2.368648
-0.610814
-7.226762
-1.518187
7.336317
-1.310299
-3.345447
5.617276
3.552412
-1.738916
52.943360
-10.861013
-2.957725
0.827916
0.161525
-6.867280
2.390530
9.801100
-3.534758
-3.449978
-0.718194
-2.688006
-7.766259
52.271336
-12.581558
-2.190752
-0.104900
0.259647
-6.038389
2.344713
7.471915
-3.339344
-5.232007
1.018630
3.802298
-2.263907
52.864097
-13.085430
-1.239020
-1.589493
1.038038
-5.162848
-0.528500
7.340648
-5.163844
-3.061759
8.888657
-1.074839
-2.948369
52.177464
-14.143481
-0.129044
0.319738
1.248486
-6.046966
1.775129
11.370350
1.780337
5.189467
4.480506
-4.421263
-5.422839
52.261455
-12.943086
1.051912
2.763148
-1.893901
-9.005068
2.999369
-1.487055
-4.324070
2.332562
-4.402994
-0.866288
-1.965879
52.445561
-14.898314
-6.298491
5.378002
-1.159796
-8.663515
7.949706
4.414974
-6.501912
2.111538
3.823758
7.468555
-0.788493
53.842041
-13.480480
-5.034532
7.431625
-0.075975
-9.222148
8.627654
4.745790
-12.369269
2.607029
5.493426
-5.555602
-0.843442
54.333210
-13.825518
-4.213111
11.937386
0.066285
-15.056119
7.979489
6.567456
-12.270131
2.648108
9.929494
-5.187478
-3.454700
53.649478
-13.902236
-4.246657
9.744021
0.231794
-15.590087
10.551638
5.338623
-11.334542
2.273558
9.649211
-6.695347
-4.006705
53.873282
-13.679227
-3.236013
10.895792
-0.280927
-8.616362
12.900170
4.517561
-12.137141
6.381142
0.353418
1.636689
-1.322019
52.960385
-11.812534
1.149899
14.961417
-1.224555
-6.393072
10.240677
0.385074
-7.239059
5.844146
-0.853116
3.020682
5.666236
58.927007
-10.089242
10.563054
13.369892
-5.885224
-5.924874
2.940783
-2.151666
3.592169
6.849754
1.977388
-3.878031
10.009348
59.531461
-11.081635
15.537263
15.251439
-8.890710
-0.291262
5.663737
-5.222791
2.695161
10.635497
0.339840
0.001190
9.407535
59.882540
-10.977574
19.111406
9.041353
-10.670785
2.967849
3.564289
-4.671724
6.979008
6.537929
-0.320249
1.998172
3.297515
60.792699
-12.392165
20.276985
4.074303
-14.936341
5.989655
5.536156
-5.480391
0.357928
7.508517
1.848033
3.991720
2.276223
60.586493
-13.013532
19.381376
5.748920
-12.612498
5.878313
-2.717000
-12.092593
8.123868
6.115801
0.304220
5.524752
2.032348
59.731470
-10.704120
17.977869
0.546330
-10.476097
8.955417
-6.543296
-10.614144
8.624914
4.330819
-1.508087
1.411062
4.320623
57.781549
-10.410094
14.926081
-4.651584
-11.359918
9.442766
-3.065007
-11.310696
6.064606
6.134452
2.286039
-1.217317
-1.860453
55.138296
-8.259920
13.091574
-1.333437
-1.932216
5.965026
-4.119844
-2.739785
10.348025
-1.047824
3.185857
4.561105
-3.019215
59.249876
-3.251728
-2.037144
-7.388838
-0.733938
1.122648
6.445289
11.938636
6.087249
-5.289742
6.647474
9.909382
-0.120972
60.391393
-2.709219
-2.874400
-5.843454
-0.005243
0.577649
7.878522
14.424951
-0.989374
-10.658276
3.539774
8.888534
0.483868
56.382020
-1.817136
-0.445203
-3.747009
1.266230
3.244841
7.404749
10.809506
-10.228093
-10.134279
7.236551
0.978107
0.191211
55.244472
-2.159931
0.278199
-3.306302
-4.124130
2.926949
10.722309
11.720681
-0.572292
-1.712172
8.485301
5.816356
0.747321
53.411241
-2.787639
0.880862
-3.112168
-4.134950
2.837480
9.120155
11.380625
3.131060
-8.249297
3.991098
6.073435
7.378797
51.913941
-3.453738
2.672954
-0.670871
-4.086309
6.449044
6.989694
0.359026
5.409670
-0.339627
7.726670
10.134854
6.822304
51.789577
-3.230060
2.584593
2.639258
-6.783205
3.116099
4.294503
2.246439
-0.004901
-2.837209
2.548432
5.638052
2.079410
51.086246
-2.759735
1.859523
-2.473437
-2.511613
8.497672
11.826327
8.590804
2.393487
-3.199615
8.819422
2.578404
1.655607
50.993387
-3.397731
3.210788
-0.369624
-0.116595
12.436862
3.680528
6.977374
3.418038
-2.931641
7.996713
0.149868
-4.482383
49.609108
-5.107039
4.315008
5.003371
-0.852631
11.923918
5.684736
-2.084741
7.783464
-0.212932
1.250697
2.429542
1.396820
48.482969
-7.110598
2.696669
5.486466
2.903368
12.320321
2.706780
0.423108
7.590837
2.408094
2.644592
10.115363
1.623009
52.094980
0.131417
3.655141
-6.179097
-12.092756
3.622415
9.047674
6.493874
7.297248
1.821598
0.589955
4.847008
3.675238
52.759172
1.349250
5.890582
-8.451417
-13.945787
7.952610
11.140396
5.028875
2.022582
-8.570563
-0.184024
5.910664
-4.551130
52.163601
0.844765
2.720404
-5.049303
1.240392
13.722456
10.068644
-1.810350
-6.464858
-9.760192
0.046242
8.578184
5.874671
53.498811
1.632534
-0.248533
-4.404535
0.755974
13.899868
11.451926
-7.540807
-7.503432
0.378119
6.772337
4.414641
1.828039
54.673839
1.891395
2.670304
-6.472345
-2.071395
13.005695
5.319684
-3.536872
-0.567467
2.357257
5.735605
5.391826
2.866243
55.688721
1.709717
2.472131
-2.777435
4.610435
12.717951
-4.357505
-2.084371
9.168158
-0.556943
-1.246744
3.859151
-1.685934
58.295811
2.985880
1.501113
-3.497557
4.461057
10.259831
-1.404465
-7.946739
10.044916
-1.418903
-0.672562
2.197779
0.887313
60.736117
2.138579
1.438293
-7.934773
9.938369
5.826730
-3.650485
-11.076414
13.481000
1.282442
-6.840888
2.181417
-0.142355
61.720468
0.916629
1.961717
-6.088546
9.106739
7.063374
-8.651628
-7.845830
10.258563
3.409677
-7.192578
5.017202
-0.278433
62.262720
0.222135
-2.057223
-0.820203
5.286666
7.490475
-13.220297
-1.359806
7.070447
-0.295441
-1.214007
2.225717
-1.511174
60.433010
-7.598088
-2.806640
6.905907
-5.802603
6.976761
-1.289901
-3.668444
12.258750
0.450558
-12.569345
-5.042956
1.027188
59.684804
-3.723312
-4.304505
8.342610
-8.212368
5.822742
2.168257
-12.897580
6.652176
4.495207
-8.612434
3.860812
5.412590
63.170449
1.329647
-4.637260
4.650465
-4.762458
5.425958
-5.623874
-11.884820
6.946307
-0.161720
-0.058540
0.444266
4.103249
65.347225
0.952189
-6.625325
4.953673
-1.040227
2.483145
-11.743285
-5.734134
1.686150
6.389924
-3.959668
-0.655995
0.665460
66.565599
-0.101352
-4.977455
0.992528
1.515341
0.575279
-11.592112
-2.276405
-4.604319
14.343640
-13.874350
2.083359
-1.146244
66.640556
-0.287077
-4.250801
-3.516334
2.677871
-0.590957
-8.828405
-0.745255
-1.545405
13.506519
-15.611854
2.401312
-0.411955
65.563024
0.725239
-5.787009
-5.002203
3.313881
-2.447038
-6.506709
-2.969830
-1.106899
15.868122
-12.794665
5.878570
-2.818678
66.094254
-0.690906
-5.907588
-2.705855
0.839265
-5.056033
-1.545490
-7.692851
-0.081136
14.858785
-14.064216
6.791862
-1.928273
65.601398
0.005952
-6.877132
-4.721814
3.962850
-5.800958
-2.556287
-6.120469
-1.150082
13.747429
-12.673092
5.804958
0.320344
64.650409
-0.392778
-6.272220
-7.165124
4.106493
-5.433343
-4.603283
-10.579529
5.797632
6.847296
-10.799276
7.662220
-0.340707
63.186422
2.435056
-5.204194
-8.058734
4.047337
-1.925337
0.866305
-14.545262
4.590691
8.995771
-13.772907
3.990887
0.823417
61.368418
2.774275
-9.814760
-3.065680
2.279339
2.533395
3.320569
-18.544392
6.039370
10.626714
-12.858334
-1.406086
7.135558
57.587411
1.662166
-6.252327
-2.698228
2.216705
5.275341
3.261042
-14.737307
3.135366
5.563271
-6.922217
-6.761074
5.183784
53.539446
-1.436417
-9.773289
-8.709223
6.638481
5.506019
-9.052658
-8.780239
7.362026
8.882801
-5.742303
-5.476831
6.087460
51.126459
-0.907274
-6.472317
-9.900321
0.598864
2.200557
-2.932000
-7.222648
3.945273
-0.163406
0.571232
-3.818588
0.418766
48.521285
-4.424668
-5.595377
-11.623883
4.607806
6.749460
2.914413
4.636109
4.536795
3.328498
0.079198
-3.233154
1.598487
50.783838
-3.158455
-6.972359
-8.357782
6.222233
6.791466
-4.395567
-0.306509
2.799108
5.168318
0.884243
1.442491
1.184738
59.046457
-2.754978
-18.130674
-11.156590
14.102756
7.842301
-0.181123
-0.025976
9.240157
13.002624
-4.338878
-6.300071
2.526304
60.214939
-0.007599
-15.214919
-5.607192
11.100002
2.607035
-7.146577
-7.364579
-1.106504
4.778992
4.872221
-8.859047
1.739266
60.710454
0.134437
-11.973916
-1.470261
14.097207
7.328062
-10.898340
-10.420621
0.287142
-0.764047
5.039258
-6.389490
-3.610692
55.601217
-2.941900
-9.630907
-3.917765
15.993810
4.014077
-13.566866
-7.863414
6.703820
0.395927
-6.341611
-0.006228
-3.347011
58.195394
0.417597
-1.896356
-6.896066
6.113434
-3.308142
-1.983112
-11.644203
9.533067
-0.387801
-8.103439
-1.995140
1.910883
64.054024
-0.127784
-0.708935
-7.991972
6.870466
-5.202933
-2.906923
-16.105395
11.917313
-1.164944
-7.812595
1.499397
-1.443858
64.757208
-0.339778
0.272991
-9.624436
6.080481
-5.685306
-0.370690
-15.234067
8.170642
-2.361579
-3.705880
0.073964
-5.744596
65.301684
-1.845405
1.936483
-11.916937
6.044962
-1.280537
-4.827870
-15.365842
15.439848
-4.734640
-0.448757
2.200733
-3.896909
64.929335
-1.778948
1.087802
-10.777703
6.774095
-3.203918
-1.829285
-13.855752
13.079224
-6.443440
1.511041
2.824877
-3.704801
63.991206
-1.785300
1.711974
-11.433218
2.648471
-5.271557
-3.259636
-15.506427
11.201927
-4.916298
-0.541056
1.328567
-1.034294
64.230122
-0.043781
-1.894287
-7.140664
2.362002
-3.829048
-3.511871
-13.024503
8.955405
-8.311525
-0.220474
-2.674589
0.377629
63.827503
0.505239
-3.271695
-5.213809
-0.055166
-2.569804
-5.857430
-8.200554
7.941048
-8.255460
-2.338610
-2.142972
2.959406
63.960544
-0.065083
-1.377298
-6.577651
0.509108
-0.109081
-4.411260
-6.809623
10.162456
-10.997357
2.042581
3.192174
-0.658494
63.064164
-0.317937
-4.414415
-2.858717
1.242521
1.036056
-4.732073
-4.043365
7.128227
-11.319239
1.500915
-3.237000
4.402452
59.539601
1.962856
-1.664961
-4.913074
4.655255
5.617445
-5.379878
-0.068921
9.421118
-11.392484
-1.504460
-3.542601
3.881514
56.137107
-1.465918
-1.898147
0.037864
5.433234
-1.755958
-6.683489
0.886035
10.353210
-4.726122
-3.324554
-5.097174
4.351837
54.429890
-4.771556
-0.713110
-4.997591
4.882660
-1.988282
-5.222920
-1.932132
1.641668
0.127172
3.899045
3.479563
6.092087
53.822888
-7.417070
-1.293927
-3.738090
-0.358670
-2.344437
-2.588226
-2.147734
3.415767
-6.522787
2.268018
2.031971
8.725964
52.861557
-6.995867
-0.038625
-7.606772
-2.400610
-6.699225
2.411288
2.413483
-3.826943
-6.124768
-3.119072
1.669418
7.848444
50.885854
-7.493742
-0.085023
-8.920381
-1.090483
-1.150595
7.304587
-1.749930
-4.096434
-4.092021
0.017149
0.144096
3.851216
51.870150
-8.335694
1.337700
-5.370211
1.752473
3.240126
10.398203
6.989305
2.147154
-3.682699
-0.097502
1.336107
1.546676
51.517826
-9.026350
1.138455
-2.972273
1.893118
-4.310723
0.679941
7.747494
0.601655
-1.654798
-1.242132
-0.983618
-1.562435
53.209850
-8.377005
1.118293
-0.850298
1.135620
-0.285855
5.253408
6.748127
-0.453330
1.658649
3.604623
-6.582013
1.337824
53.446029
-9.749427
3.113848
1.789558
4.339596
1.149309
1.460857
0.219406
3.191463
-2.815573
1.894106
-3.284781
-0.334588
53.488149
-11.674181
7.645015
2.357379
9.184904
1.900754
-3.565532
1.357052
-0.581924
-4.056395
1.710963
-1.317967
0.095303
53.285434
-11.567734
3.316996
7.134192
1.857288
1.338725
0.089209
7.541385
2.740711
-5.959503
-1.522256
-3.471785
1.472659
51.464552
-10.613292
-1.139941
2.865750
2.298598
-4.179513
0.007322
9.680960
3.592646
-3.713958
8.636800
-0.675760
4.332992
49.715815
-9.182083
-0.824900
4.955608
7.718465
2.541401
-4.077327
3.960289
5.722228
-2.274796
10.715009
-4.256905
-0.186409
52.685207
-0.447241
6.943295
5.045044
4.589867
0.912979
-9.731600
-6.959107
7.429240
1.130906
6.028787
-8.738320
-4.579580
53.512510
-1.810570
7.964855
0.741271
5.049543
1.028799
-6.941162
-9.028801
9.439834
-5.974153
12.596697
-10.103831
-4.835158
53.662357
-4.563984
8.760522
-0.182642
0.811567
8.836584
-3.076948
-9.006836
5.264340
-2.327616
11.467622
-6.935917
4.178586
53.994594
-3.804141
8.808627
-1.982681
0.589896
16.020145
-7.662534
-11.466838
11.331432
-0.658045
5.169537
-5.653261
7.871046
52.198933
-4.955490
5.523048
-0.611424
0.507986
11.322450
-6.637912
-7.500617
12.676169
-2.617291
3.633560
-2.581683
-2.773249
50.542947
-4.154773
6.799062
4.089908
-1.738895
4.795906
-5.257052
-3.039972
7.942592
-5.283679
7.021173
1.582830
-0.012857
49.188618
-3.926141
1.750547
0.531265
-3.052121
5.609254
-5.883224
-0.842182
6.310513
-5.920185
6.008260
-1.050758
1.956257
47.910200
-6.782324
1.113660
1.713173
2.085928
4.245243
6.176754
3.869190
4.732945
1.638848
0.287061
-2.912031
0.357786
47.074745
-7.149360
2.867720
3.375859
2.571039
-2.156476
-1.309594
3.287449
0.380191
-2.687023
2.215564
4.175049
3.921306
46.017319
-6.037419
5.858951
1.527980
0.662162
-2.020852
-0.788587
6.876951
7.915684
-6.445773
-0.031092
1.642332
2.235688
45.712726
-7.824669
2.703553
4.488952
-2.106684
2.266384
2.700066
-0.307359
3.355351
2.854595
3.116241
2.354120
2.019187
45.329896
-8.384507
-0.043207
0.431851
1.483087
3.667549
5.227564
4.865621
0.838264
-0.496808
5.654370
-2.471682
-1.583725
46.517635
-6.193193
0.702699
0.878268
0.589557
-2.985487
3.987312
2.023050
1.061010
1.887577
-1.821100
-3.154057
-2.778322
