51.796930
-12.815331
-1.665414
-0.857414
2.396654
-3.055477
-0.459182
-2.467436
7.265840
-0.496514
0.406420
2.547876
7.143750
51.716238
-13.462235
-2.256039
0.114042
5.722554
-1.425542
1.331449
-2.454094
5.747500
-5.611829
-4.853113
-5.315672
4.744399
51.004892
-13.689995
-1.877749
-0.801217
4.495715
-7.672296
-6.404139
-1.368456
1.875482
-3.352679
0.170019
-3.530938
2.104054
49.726233
-12.891353
1.557369
-1.358953
-1.866472
-6.582633
-3.766154
0.682470
4.833285
-4.273424
1.531208
4.343061
6.525632
49.211677
-12.945912
2.002685
-1.958221
-1.083054
-4.535485
-1.658115
-1.419913
-0.530239
4.777433
1.811311
3.653417
-1.009395
50.409787
-13.251266
0.465707
-5.209363
-0.172866
-0.034401
0.088604
-1.190807
8.105798
6.763306
-2.018052
-7.781248
-2.305822
51.992403
-14.016888
1.431202
-0.115589
4.477828
-4.567260
-4.184811
0.151946
4.514943
4.962310
-6.948067
-6.365497
-9.307461
55.912319
-14.648760
-1.582721
-1.598999
2.777424
-1.695786
-10.128970
-14.540189
2.146724
-1.324341
-6.901004
-8.565142
2.400817
59.505507
-13.028312
0.065737
-2.118174
4.891570
0.173010
-16.833407
-10.758860
12.012030
-1.129297
-7.042681
-2.317860
0.618640
59.215630
-9.705963
-0.043384
1.039772
4.268044
1.592220
-12.000806
-11.977947
4.827067
6.375409
-4.187872
-9.203588
-1.642554
57.331422
-10.015622
1.407117
-2.552704
10.371109
5.678106
-15.982459
-7.624782
4.917760
1.658291
-1.321589
-3.888946
-4.507782
55.768477
-6.919644
2.173628
-0.925894
15.306808
8.456727
-14.433127
-12.491437
0.439187
7.914328
1.274296
-3.893255
1.199688
53.501490
-4.984857
0.877666
-4.875765
10.742762
9.705692
-6.915986
-8.443676
6.236058
4.939750
-4.169198
-6.027028
-1.095255
56.026342
2.962459
1.806285
-7.163609
3.795254
8.182516
-5.153649
-4.919416
2.597489
-0.219193
-2.517502
1.969071
-3.693689
56.336436
4.992942
1.840896
-10.200562
-0.147059
9.654106
1.015377
-4.472222
-4.442092
0.929331
-1.696031
7.145767
0.963033
57.181788
3.358889
1.422000
-11.624910
0.119288
6.474345
2.108340
-7.201452
-7.436583
0.733268
-6.678077
11.132684
3.675404
57.241564
3.397035
1.921025
-10.973356
-6.897127
8.895871
6.636731
-3.398961
-3.817885
0.578106
-3.081447
10.089764
0.499022
56.560739
2.312732
1.312784
-11.879734
-8.056699
5.471934
1.199259
-4.392616
-3.317453
-2.297076
-0.800544
10.137818
1.870998
56.162694
3.097968
1.100393
-11.614592
-4.634663
9.165974
0.196073
-4.939038
-2.355709
-1.789323
-2.431808
8.570539
5.228854
56.058655
1.258462
3.026774
-12.059810
-6.415081
12.849451
-0.570041
-3.207730
-3.415069
0.108128
2.615525
3.749402
4.604218
54.240478
0.158269
2.578884
-9.601518
-3.429917
11.112254
-4.276415
-2.858695
-7.459871
-5.635112
-0.036757
3.221417
6.393896
52.273734
-0.226459
6.435963
-6.313424
-1.618803
10.571689
-3.157308
-3.730464
-8.552808
-3.337616
-0.044278
-0.526239
7.013489
50.499437
-2.616997
5.337873
-1.336746
-2.026406
11.452734
4.668915
-1.769352
-2.069415
-1.188376
1.679761
-5.303725
3.844854
51.050474
-2.977543
4.936972
-2.445912
-0.423820
4.935987
2.683105
6.592356
2.715754
2.300871
5.005769
-3.770923
6.938482
49.935556
-3.645786
5.534806
2.777720
1.713827
1.721024
-0.887754
-1.228216
7.362152
4.472459
7.456083
4.550950
1.192836
49.835402
-3.616059
5.613215
-1.172216
2.341526
2.995856
0.809331
1.022622
5.189548
2.922004
5.476236
3.228219
-1.287166
48.684152
-6.887446
2.769813
-0.100047
-0.068954
4.583514
3.235406
2.334360
5.014896
2.115170
2.827061
-2.233174
1.164681
48.786420
-6.480783
5.333910
1.946281
0.268387
5.575774
4.001258
5.163519
3.144939
-0.749219
5.838384
3.160500
-0.504518
48.035932
-6.025457
4.738496
-0.639947
0.266120
3.929052
0.355444
1.465227
3.775234
-3.479919
-0.113807
1.159769
4.826505
47.292506
-7.090794
2.841352
-2.336581
-2.899168
-4.861239
0.387656
1.443695
-1.428669
-0.760513
1.189297
2.820038
2.918390
51.175161
-6.462915
3.844927
2.059649
1.418009
-2.445855
2.309636
6.131045
2.260908
-7.216708
3.945573
6.636606
-2.353796
55.881033
-2.073432
5.453996
1.384661
-3.346503
-7.308598
-0.365282
10.909782
1.290286
-5.377927
-0.793626
3.848815
-0.042346
54.463746
-8.290064
1.355404
0.402718
-2.982280
-7.238732
-0.686808
5.479935
-4.117062
-7.575285
4.250107
9.530649
1.962881
53.034680
-10.368099
0.130581
2.314839
-0.350586
-10.893659
-6.092651
6.525640
-2.455796
-2.474275
1.383666
4.516477
0.522306
55.043824
-10.175899
0.590967
6.992277
3.323050
-6.748958
-1.488369
10.495323
-5.360517
0.231430
0.367742
3.385430
2.850158
54.680060
-10.197855
0.726919
5.431354
0.617128
-6.361707
3.420868
8.290018
-13.474525
-3.477999
4.114400
0.048805
-2.257392
56.216026
-9.973625
-1.265559
5.928323
-5.095065
-5.054403
5.284826
13.414972
-9.126489
-4.054886
5.854060
3.183875
-4.405878
56.379687
-10.779436
-0.256081
4.297636
-4.086981
-6.623017
4.474276
12.223134
-4.794741
-4.632787
0.356057
5.725506
0.091494
55.297072
-13.514345
-4.369046
-0.747350
-8.001046
-4.377172
6.473722
8.694464
0.081574
4.744075
-2.570594
4.370356
4.912510
54.210283
-14.316408
-3.451734
-2.783510
-10.561793
-3.244647
7.016211
4.637780
-7.446480
5.263444
-5.468640
7.639361
2.223709
52.999182
-13.942277
0.662112
1.817523
-5.761790
-1.894542
5.641229
6.798997
-10.790581
2.356394
2.108891
7.244598
7.164803
52.911779
-10.800123
1.604569
2.002494
-3.435110
-5.798424
0.252244
4.479076
-10.112148
4.052962
0.664942
-5.743011
-4.810031
51.880472
-12.691323
-0.676811
1.647105
-3.282043
-7.605866
3.116616
0.467444
-10.557878
4.838747
1.410612
-1.816007
-1.764538
52.637518
-11.854006
-2.423635
3.411502
-2.512445
-9.147642
-2.484525
4.911498
-3.375178
9.362922
3.283622
-2.011702
-6.570204
52.963042
-16.349876
-5.851019
9.354494
-0.619373
-5.418481
4.689341
4.851550
-13.046493
4.230014
-2.274111
2.021487
2.042824
54.023371
-16.426086
-2.816822
13.165319
-4.739515
-6.199117
6.807281
-2.761940
-11.582554
12.608532
-0.830320
-6.743050
5.669412
55.164342
-17.263052
-1.925915
13.604859
-8.527666
-6.581201
4.923635
-0.284547
-11.696784
8.636483
-10.589700
-5.640046
4.771397
52.998725
-16.980581
-0.137255
10.202046
-11.838544
-6.501336
3.518071
-2.400521
-10.482103
13.631726
-13.545248
-5.671665
2.581355
53.417846
-14.351777
2.100764
10.792851
-10.036319
3.877784
6.646421
-2.684322
-7.305405
17.584800
-5.418023
0.933893
3.330620
58.437876
-11.660860
14.540037
15.680676
-9.555610
1.296170
2.234376
-1.424637
4.397243
11.489122
2.829719
-3.538816
7.695484
60.038139
-11.487810
21.410244
8.035846
-10.856655
8.946577
1.487839
-0.785166
0.723667
7.280302
2.831385
-1.548784
8.901997
59.807989
-12.869293
26.326352
6.383338
-10.731360
12.301318
-1.100722
-6.983045
2.213398
4.762545
3.380288
3.521654
8.340418
58.506302
-12.025011
23.248372
5.086938
-8.023421
10.305733
-0.473124
-6.301230
6.429514
7.217445
6.204922
-1.917027
8.313975
58.738786
-10.387413
20.608782
2.385532
-6.345811
6.054495
-7.583973
-6.563936
7.127147
3.545058
7.778833
2.701750
2.894516
58.076807
-9.122606
16.416453
0.419393
-7.559555
12.760881
-7.810143
-11.375376
4.620780
3.680681
10.795181
3.206351
1.878670
55.932905
-8.509758
13.779886
7.788232
-6.533955
5.741670
-12.974128
-8.585316
11.061970
5.202289
9.748331
0.033074
-1.745592
57.111889
-6.219029
6.698662
8.220402
-5.764717
9.075356
-6.999715
-4.624189
6.358186
-4.925348
8.477644
-0.787956
-3.140689
61.201143
-4.949447
-1.862906
2.114464
-2.898816
8.041023
-1.211759
2.540185
3.071061
-2.225265
5.706080
-0.737300
-0.626084
59.050471
0.122903
-1.189314
-1.344865
0.805252
3.240797
2.778115
-3.572553
5.941340
-6.895892
1.600192
-2.135753
-0.717142
56.327133
-0.102186
1.545959
1.488851
3.863074
3.639854
4.121076
-3.730599
0.729312
3.000922
4.619118
-3.095975
2.022286
54.807143
0.116801
3.706383
-0.457635
1.518137
3.021328
-3.614035
0.443345
4.809855
-1.716868
6.033997
-1.473862
0.766991
53.322744
0.308733
5.416530
0.676682
1.292404
4.345594
-8.231492
-6.538767
10.300738
-0.577795
-1.420517
0.284028
4.340132
52.025920
-1.773265
6.647859
0.537709
-2.128363
5.663322
-2.217506
-3.637475
14.797498
1.546238
3.697539
0.956333
-2.916778
51.053606
-1.510634
5.561030
3.635526
-4.189360
3.846766
-2.081543
3.348211
15.741578
-2.640860
2.321997
-6.392300
-0.574024
50.321547
-3.509280
7.003484
4.962206
-1.589885
6.798147
2.118182
-1.143459
7.441205
-0.044655
3.756963
4.287407
3.053935
49.834577
-3.047495
7.828384
5.536523
-0.771764
0.426391
-0.389324
1.266304
13.710977
-1.262846
2.600215
2.812568
0.302743
50.279287
-4.241247
7.072313
4.393710
-3.685558
1.982058
1.432099
-7.841335
9.040114
4.331021
10.794569
3.682694
-0.151921
48.966231
-4.492362
6.588833
2.731674
-3.142108
2.794405
2.338083
-8.477008
8.404305
6.741851
3.582115
3.552323
6.811237
51.303277
-2.912005
5.465460
-0.141014
-6.671541
2.582314
1.598069
-4.132944
-0.438497
-5.458968
3.821784
11.421387
2.720635
51.537368
1.614862
6.884721
1.943464
-10.205068
3.997242
4.081480
3.207337
0.107030
-6.442089
4.021318
6.522062
1.143679
52.079742
3.431831
6.188831
-3.126408
-7.217443
3.395340
9.125107
1.611274
3.382233
-8.383163
2.565909
4.119014
5.183424
52.457415
3.738708
6.854093
-6.471476
-4.233183
3.115233
7.121719
5.970978
4.313835
-4.764445
1.309892
3.471349
6.135869
54.585769
3.396442
1.270970
-8.792038
0.699792
1.666784
11.467616
-1.612108
-4.384289
-4.355734
8.712110
7.551773
1.449488
55.634542
3.497333
-0.361005
-9.744871
3.884299
8.910433
11.536696
-2.432082
-4.046858
2.007484
5.167724
9.429796
8.258515
56.633237
5.207319
-0.235226
-6.182310
6.284653
10.417119
0.905835
-2.979135
4.995990
-6.399637
4.658184
0.607661
3.074259
58.054486
4.921918
-2.085601
-4.121175
9.003176
9.714270
-2.892626
-7.425556
7.153983
-2.626298
-1.808824
2.407259
2.547974
59.036156
3.249668
-0.759420
-5.723795
10.365121
8.976369
-5.711475
-8.351887
11.692998
-0.560286
-0.395387
1.346452
-0.904323
60.773912
0.709077
0.265506
-2.983934
12.139933
6.344115
-7.834592
-16.254408
17.668165
-0.731896
-3.233050
2.069522
1.316306
62.325024
-2.371682
-1.379773
0.808878
6.666286
4.346341
-8.300631
-12.061199
17.723930
3.640739
-13.943542
3.212465
-0.502061
62.581824
-1.708068
-4.643960
6.068197
3.419966
6.740874
-12.015433
-9.171297
9.038541
-1.792764
-13.632568
1.955903
-1.156465
61.142138
-4.434789
-6.377295
3.023075
1.023061
3.151840
-11.508218
-7.864788
9.008251
0.091736
-11.090225
-5.357016
5.204098
58.415275
-6.339614
-4.461808
6.809057
-5.711957
3.991435
-10.970249
-7.321520
10.584947
-1.397773
-4.578199
5.914686
5.887299
60.107941
-1.670211
-1.769446
6.913225
-1.186581
10.404325
-15.540620
-6.391900
10.375993
-1.927617
-5.913258
2.099684
2.412728
62.984342
-1.121570
-4.152681
6.224796
-3.108667
7.278879
-12.837204
-6.722161
2.198424
6.003986
-8.271218
0.198103
3.275112
64.157817
1.432836
-5.578380
2.080904
-1.123983
4.561050
-12.640028
0.182379
0.273784
5.173297
-8.610203
0.430819
-0.513408
63.636869
1.457346
-5.658418
-0.752762
0.427407
-0.795868
-8.327476
-2.703292
-1.646246
7.718893
-10.654137
3.873760
-1.778914
64.100298
1.392136
-5.976441
-2.032592
-0.232456
-1.652209
-7.097001
-5.164909
1.698105
6.200431
-9.046426
-1.261927
-1.128765
64.818144
0.497013
-5.379822
-3.518636
0.559482
-0.897390
-3.464452
-3.549303
-0.726491
8.271349
-11.601046
3.130648
-1.051955
64.019912
0.672401
-7.470618
-2.923435
1.183026
-1.979207
-3.166196
-2.884781
-2.871479
6.970196
-12.338375
3.461146
2.677008
62.701137
0.332911
-8.272292
-3.375850
-0.491007
-5.450818
0.180439
-11.721810
0.833360
7.025425
-17.783286
2.395248
1.588652
61.948364
1.511035
-9.346665
-3.156883
2.684800
-5.167703
-0.958708
-14.958632
6.006102
6.651840
-15.079710
6.987322
1.416337
58.693937
2.338177
-7.848717
-5.171215
3.605295
-2.075761
-0.953672
-6.400442
1.040010
6.135499
-10.068946
0.050985
3.423129
56.204846
0.861385
-7.722842
0.933139
3.153493
-3.732470
1.491945
-13.118006
-1.207203
6.477508
-10.546805
-1.753618
1.835752
53.986437
-1.413481
-5.375897
-0.348020
7.780779
5.493636
-2.329611
-9.778516
5.733050
6.816400
-6.700642
0.002992
1.303997
50.568193
-3.668103
-5.629524
-2.238788
8.683904
8.481219
0.234873
1.993743
6.511165
6.950411
-5.553481
-0.237644
1.943364
49.258268
-3.299171
-2.649309
-6.060372
2.738261
4.749518
-3.113386
-3.330523
9.647718
1.298010
-0.797813
2.441225
2.195045
47.336994
-7.365573
-1.710365
-1.542968
2.502901
3.353909
-1.780588
1.618846
0.422871
-2.030027
-4.554476
0.253528
1.565150
49.296828
-5.690772
-8.543598
-8.358874
4.266220
2.835235
-4.473766
-3.126594
2.173194
-1.504230
-0.962691
0.096095
-0.876015
58.466804
-2.287645
-17.290047
-14.132965
8.541545
10.645776
-6.052381
-3.334181
5.586561
-1.633165
-1.311626
3.213062
2.767967
61.007791
0.350249
-19.917638
-13.454887
9.314532
11.416306
-7.713614
1.133471
12.826846
-2.390646
0.026713
-0.383027
3.338396
59.650429
0.312127
-11.837535
-1.174180
9.732440
3.948298
-10.035702
-7.484914
13.594315
-6.424972
-3.523441
-6.863077
-0.266486
55.242932
-3.336356
-8.461293
-2.458003
5.375053
-0.642058
-6.877998
-10.916912
-1.113006
-5.093821
-4.484552
2.099649
-1.251675
54.564392
0.105802
-5.681474
0.650935
8.741251
-2.654135
-6.588094
-6.639423
4.235816
1.613110
-0.349457
-0.500890
0.478185
59.994149
2.287757
-3.003046
-1.669941
6.026167
-3.404227
-6.268994
-10.935377
8.077513
-4.760167
-8.348185
0.935196
4.078726
62.889275
2.262894
-4.744702
-4.579267
1.885818
-1.155118
-5.975902
-13.335444
8.870979
-4.073996
-11.817885
-3.292734
4.222494
62.764606
1.236249
-3.846291
-7.952472
4.770587
1.019322
-5.280919
-13.128956
8.327493
-1.240098
-11.221039
1.964101
0.393619
63.032098
0.358782
-1.097602
-5.340399
3.988711
-2.848769
-2.615426
-9.269413
12.679692
-8.349010
-10.371315
3.099449
5.059891
63.266487
0.714744
-4.801195
-8.459642
6.564724
-1.179332
-6.068409
-11.557935
9.843510
-6.505511
-5.625854
-0.951033
-1.652912
63.769649
-0.450536
-3.320531
-9.367729
5.163219
-2.148519
-6.624945
-10.925496
13.345542
-7.884675
-3.985464
-5.959251
1.729812
62.943862
-0.141136
-3.630648
-4.973610
3.346528
0.347265
-6.049480
-9.012584
14.504587
-10.488358
-7.493271
-0.631549
0.769089
61.740749
-0.393034
-3.996595
-3.512477
0.682655
3.288881
-9.706988
-11.351956
19.493803
-7.854286
-1.444251
0.920692
1.165473
60.074946
-0.043776
-4.507151
-1.002872
4.542192
6.602724
-6.876491
-9.116035
15.061805
-6.523076
-0.646946
-0.898799
1.870423
58.956579
0.932280
-2.929253
-0.447279
-2.273510
6.607516
-11.186657
-5.148170
18.504949
-8.393753
1.432194
-1.486210
2.935098
55.766181
0.329503
-0.790079
1.899279
-0.926786
4.807203
-11.031189
-2.260024
8.553883
-7.503553
-1.174557
0.974091
3.341175
54.233006
-2.674834
1.280689
0.787706
0.210501
1.802176
-8.706559
-4.303593
4.367909
-0.745627
10.677072
0.793955
8.537933
52.932699
-6.102258
0.405375
-4.595657
0.613931
4.163338
-0.205824
-2.103529
9.930335
-9.902628
4.042220
-2.903050
6.071372
52.360730
-7.854908
1.716805
-4.931405
3.633041
1.458568
-2.581166
-9.605516
6.744285
-9.750395
3.251653
-6.972243
2.200515
51.420978
-7.803818
2.738697
-0.224381
6.867147
0.796842
-4.408246
-5.162248
11.131982
-1.976980
-1.123065
-4.446316
5.204173
51.008313
-9.164287
1.466648
-0.810553
6.658369
-1.860207
-3.940555
-8.426725
6.041051
-8.548211
0.448686
-1.761811
2.417199
50.309096
-11.896855
4.009571
-5.878311
3.846594
-5.893727
-1.088088
0.241996
2.156348
0.740419
3.412906
-0.603214
11.298672
53.170698
-11.728439
1.584525
-6.133390
5.526512
-0.668629
1.933517
-1.894129
-0.243509
-0.836538
8.050202
-2.648766
10.621956
53.082833
-11.789867
-2.584880
-2.518355
6.792206
-2.565945
-4.183834
1.091367
-0.289989
2.820487
2.511351
-0.840398
6.198633
52.560332
-13.640503
-7.272618
-0.234417
10.603637
-4.370935
2.430012
-0.066920
-1.560742
-0.821674
5.081698
-8.327049
-2.170293
53.921251
-11.653786
-3.307835
3.844838
8.091465
-5.871483
1.531895
-0.221974
4.200622
-1.437729
-1.986478
-9.369687
1.332587
54.158980
-10.018041
-5.813012
3.517017
12.190246
-0.336034
4.217953
0.315989
6.645003
3.086257
0.485633
-9.509313
1.947794
51.865798
-7.800995
-5.109707
5.348444
11.045599
-4.864838
-0.676672
-2.774864
7.886844
-3.291453
-2.053622
-9.482656
3.512846
49.444514
-9.223548
-6.053668
-1.275383
8.874672
-0.652790
0.113578
-7.579228
0.676106
-2.340374
3.386144
-9.530259
8.000209
49.911268
-5.502788
1.240647
-2.312534
7.940693
2.767934
5.243223
-2.145899
2.479281
0.438846
7.735444
-4.220103
2.401238
52.525844
-1.167144
7.329360
2.080660
2.537255
-5.417540
-1.958735
-4.702535
6.109774
-8.841213
7.610779
-10.345929
6.732596
52.354872
-2.432034
8.677714
-0.839560
6.070904
-2.958906
-5.790590
-8.737345
11.664249
-2.352937
0.280841
-8.014704
-1.918863
52.508428
-2.013235
5.938788
-3.738999
7.285544
0.675351
-10.041390
-13.086427
7.473785
-4.615984
-0.387110
-12.374579
2.082114
52.926297
-0.495733
0.260850
-3.505040
10.079652
1.077694
-12.874013
-14.062274
13.061107
-2.816102
-7.351239
-11.483119
1.889458
51.440731
-0.810575
2.478808
0.190123
10.987845
1.380963
-10.205874
-12.771348
7.092999
-1.375790
1.469635
-10.134904
-0.604103
50.627201
-2.827759
2.484792
-0.062984
5.259175
1.085093
-9.041212
-4.783734
7.905746
3.700339
-0.813314
-5.310373
1.789508
49.484164
-3.728852
-0.550206
-2.659234
8.371539
0.182208
-4.348479
-6.542377
2.421074
5.988881
-4.285921
-7.540501
-0.103006
48.389750
-5.052346
0.929774
2.282371
9.834685
0.916062
-6.125086
-4.924270
4.156744
3.431737
1.260627
-6.364026
-1.922337
48.367620
-2.725935
3.992024
0.851003
5.898299
0.198991
1.377176
1.717072
1.181577
-2.599568
-2.095291
-1.487900
-2.332787
46.957379
-5.646010
2.902482
1.398326
-1.865387
-3.143795
2.080504
1.776521
4.199575
1.594306
-3.190556
5.757208
0.693231
46.177820
-7.968300
-0.104787
-0.381883
2.275651
4.265811
2.150345
4.380625
2.203561
1.255109
1.319146
0.739705
-1.849811
46.604141
-8.857613
-1.328084
-2.453612
1.636874
7.079356
1.699443
0.641435
2.171929
-1.521365
2.317522
2.687815
2.513949
46.425094
-9.697400
1.144115
1.228659
0.925160
-0.918212
-2.522660
-5.530241
6.127573
4.125022
1.198032
1.543882
0.766431
45.321255
-7.037796
0.774195
-0.194819
3.150866
-1.791826
-1.261733
-4.758488
10.031595
-0.436447
-0.111935
-2.515147
-0.193765
46.613219
-6.079183
1.477208
0.033833
3.062006
-5.015082
-4.703333
3.644591
6.807381
6.195125
-3.336631
1.235465
4.663849
