48.937872
-3.980944
1.209792
-0.143852
2.850566
-3.250502
3.611764
-1.968488
-0.495590
-2.432811
1.478484
1.176808
2.430434
47.498433
-3.729214
3.463277
-4.048050
0.279095
1.668354
-0.096613
-4.030717
0.373370
-1.673152
-5.612465
-0.398246
-0.196449
45.808406
-6.721279
1.359552
-3.079938
-0.918295
-2.899267
-3.514304
-7.278249
0.808911
-3.250082
-2.306599
-0.556733
1.507074
48.425678
-5.253740
2.886150
-0.025798
2.296042
-8.848057
-2.624208
-3.948070
5.334303
-0.055456
5.757112
2.393857
-2.972349
57.159916
-0.238765
-0.875963
5.773227
3.777637
-13.689874
-4.321925
5.467123
0.878081
0.819008
-3.359890
3.739767
3.103284
53.145574
-5.406714
-1.383613
1.735540
6.064739
-10.212283
-3.007161
3.994082
-3.059090
2.651760
-1.671575
0.896089
0.593751
51.718244
-9.231565
-0.002565
3.168432
-0.008052
-5.041713
1.231000
3.982857
-0.467993
-0.630939
0.272581
6.088919
1.286196
50.385735
-8.806498
-1.074919
0.393265
0.778147
-4.684825
-5.180279
2.101972
-0.641152
-0.084184
3.130335
1.023916
1.954102
49.712522
-10.454234
1.630985
-0.074445
-0.332094
-9.405876
-2.419789
-3.263499
-9.281592
-8.573742
-0.769704
0.127742
-5.530706
50.211749
-8.231277
1.777350
-1.590458
1.118046
-8.592264
0.571234
2.499097
-2.849752
-2.895243
1.618647
3.983117
-0.110407
50.318900
-7.999126
3.159797
4.339842
0.700284
-8.519289
-6.438702
-3.208834
2.468201
-1.960054
-2.272674
-1.262846
2.586835
52.305368
-8.867348
3.199340
2.771577
0.691718
-7.926377
-6.747563
-5.434370
-3.127646
4.218370
1.196502
4.434691
-0.708467
54.936945
-8.507962
2.908387
1.981121
3.821634
-8.432164
-0.460612
-3.398824
-2.390093
3.899920
3.776542
-3.954357
-1.481620
57.215556
-7.914948
-0.525591
1.210811
3.649670
-10.552158
-3.052303
-14.564399
3.860253
5.900505
-0.290452
-5.701868
-2.146297
57.779903
-6.798522
3.130374
3.575547
5.757059
-12.473675
-3.960995
-6.276469
3.144590
5.305257
2.705284
-5.714939
0.596049
58.179613
-6.239095
3.365390
2.385434
7.974930
-4.901322
3.395410
-11.315295
3.858559
6.017457
-1.011360
-7.970710
0.992935
59.738745
-2.427332
2.200629
-2.904173
7.281059
1.720613
-0.610453
-9.386012
-3.784837
3.552698
-2.003287
-0.341157
-0.464947
67.500814
-2.870263
7.368945
-6.017580
3.518815
10.018155
-1.640422
-18.747728
-5.728012
-0.986911
0.480726
-2.544462
-4.600828
61.545267
-1.154365
7.810411
-5.969215
4.946973
6.440279
-4.592920
-10.395173
-2.542481
-9.884903
-1.935192
-3.341980
-2.212892
68.770837
0.147456
8.345105
-8.476211
-2.828983
8.843083
1.228090
-11.861660
-5.756462
-4.223882
-3.925248
-4.252358
-2.428470
64.561681
-1.281776
9.253943
-10.601297
1.376755
9.847421
-2.116241
-18.184978
-12.658074
-13.406741
-2.916036
-3.351938
-1.420007
64.707009
1.533621
6.099112
-7.528623
-6.162312
5.252515
-3.002016
-7.312704
-8.139680
-7.774867
-1.869366
3.834903
1.330669
65.793968
0.419044
5.358597
-7.806667
-4.286414
8.876428
-2.594686
-12.519632
-10.014293
-8.620120
-6.662438
-1.240773
-0.021963
60.314550
-0.791040
7.672233
-5.609987
-2.082075
11.447499
-3.154855
-12.668285
-2.627540
-4.443047
-5.743440
-1.983145
5.530059
64.161846
-2.329287
5.510921
-5.729503
-2.406295
14.904258
-2.337971
-11.991734
0.869451
-3.936908
-2.187546
-5.600161
6.622425
58.312768
-2.748755
8.551981
-3.116663
3.127200
9.651154
-5.964249
-2.785155
-1.330733
-4.454572
3.347800
-4.148479
0.834127
59.881935
-5.405358
8.762770
-2.628472
1.383510
21.996399
1.974995
-6.606065
4.197701
-7.999582
5.732476
-4.930962
9.415792
54.960446
-7.065237
5.353832
-9.596012
0.032164
12.986182
2.719486
2.392823
5.879508
-1.116037
8.233947
2.330948
5.820957
53.903264
-4.846044
7.298392
-2.227597
11.171583
13.719234
-6.364240
-3.676889
-0.379648
-5.474575
1.592823
-4.480582
2.689466
53.614584
-5.762620
8.307639
-0.848011
3.817181
9.813934
-13.051480
-6.482270
4.363558
-2.109920
2.298615
-0.438938
1.136779
53.391814
-4.765564
7.406337
0.540483
2.700206
15.592944
-4.225858
1.867026
7.000414
5.907699
8.946104
0.825423
2.283441
52.692023
-4.740993
6.762745
0.975548
1.515789
8.991939
-5.715381
2.772617
1.392984
3.582960
9.845861
-0.617085
3.599815
50.232893
-5.996928
6.899862
-1.787561
-0.482325
7.704405
-7.193373
1.358007
-0.877168
1.264753
2.981049
0.201813
-3.386984
49.598787
-4.599495
3.573771
-4.761448
-3.216769
2.670002
-9.978346
6.178503
2.563522
-1.671059
3.530580
3.588388
-3.678667
48.155335
-3.697891
5.608240
-2.866102
-0.962401
0.328183
-2.678512
5.243097
0.814132
-4.169326
0.269752
6.297841
3.351119
50.791382
-5.549403
4.454113
-1.511882
-2.017755
2.920139
-0.705946
-3.466273
-4.108447
-4.160875
-2.017619
-0.455273
1.914084
52.745476
-8.609479
1.279076
-5.253175
-2.744765
1.152073
-3.857569
-3.431408
-0.428242
-1.849460
0.050083
-0.057772
-2.163381
51.711731
-9.883041
1.829735
-2.105166
4.925886
6.230087
-2.384930
1.419592
-0.821343
0.407342
-5.123600
-1.772429
1.282572
52.145032
-11.753429
-0.454454
-4.269205
2.212451
-1.639862
-6.485674
1.161896
2.705554
-1.415917
7.318810
1.006907
-1.623668
51.285647
-10.944822
0.644957
-1.372030
2.653121
-0.732464
-0.107974
2.001808
2.708482
-7.673363
-0.103714
1.439319
1.474441
52.008010
-11.944486
-5.133723
0.609165
7.063445
-4.529196
0.314274
-0.957891
4.771873
-2.246764
3.041567
7.583012
7.841267
53.552327
-9.515573
-2.826806
3.603993
0.412033
1.938639
1.770638
0.078295
3.033404
-2.775679
-1.280784
-5.826978
3.080699
52.689553
-7.702692
-2.036626
-0.933936
0.563996
2.379759
3.589203
-3.361116
4.936261
0.670971
-3.207942
-1.685979
1.458561
55.207288
-9.500651
-0.279009
4.082785
1.316955
-5.471232
-1.040757
1.867978
1.231030
-1.221876
2.386792
0.272627
0.849664
54.984639
-11.327462
3.646828
6.720174
-0.075949
-3.226145
-3.986857
-2.359043
-1.374302
0.879623
1.227327
-0.334859
2.476359
57.113440
-7.883781
2.044701
3.748546
-0.752030
-0.431497
-2.954905
1.417356
3.728526
-2.798563
8.960196
-1.181847
1.707967
58.232424
-7.790689
4.039166
5.754243
0.540586
0.165899
-1.446566
3.130221
7.113650
-0.320338
10.057938
3.659243
3.202476
58.287069
-8.367029
2.819173
7.667322
-0.631546
-2.299923
1.167542
2.719537
2.294061
-2.252019
2.206798
2.262061
4.801324
56.493357
-8.624065
4.419566
7.125721
3.632000
-4.318371
2.806263
7.021826
-0.170582
-10.818602
6.923908
-0.623455
3.365193
55.351932
-9.257765
0.611400
0.352387
2.102347
-2.078180
0.743649
6.031135
1.901005
-10.332229
2.793575
3.074479
4.123824
55.702509
-10.998766
-0.417201
-3.176270
5.741702
-8.550656
1.123839
13.326989
-1.446796
-8.676877
10.495762
1.765752
3.277411
56.220777
-14.059535
0.856698
1.489051
-1.651803
-0.769954
1.777617
7.384165
-1.067659
-9.956831
9.367775
-1.442000
4.791013
55.823032
-14.044869
-0.000232
3.667068
-0.502020
-1.077406
1.509815
1.763861
2.791070
-11.771003
5.442726
2.310962
1.881716
55.705404
-16.938459
0.312950
3.642875
-2.049964
-3.532207
-2.919836
3.423580
-0.639258
-4.224792
-2.608210
-1.360736
-1.783189
56.695947
-17.699381
-1.697100
3.381533
-2.352748
-0.768094
-4.641448
6.898761
2.772874
-2.468833
11.101151
2.321838
-0.925850
56.364790
-17.787228
1.336884
7.006830
-0.733840
2.144881
-7.416147
9.064069
-1.015961
-6.033095
15.376166
-4.740207
1.654232
55.801953
-18.424302
-1.103125
6.036456
4.816536
-2.232705
-5.201486
6.854803
-2.163677
-5.675996
15.627787
-5.124596
-2.185059
56.366340
-17.682690
-0.432929
8.667946
1.692438
-7.702529
-3.063205
4.247476
-1.562794
-4.057407
13.338013
-5.253096
0.331778
58.620567
-16.790554
2.754284
14.722317
0.257059
-11.791990
2.391012
9.211860
-5.059802
-1.458942
18.718877
-7.588628
-2.319820
56.983018
-14.213994
3.178376
15.092220
-2.928708
-8.066851
3.577821
4.376672
-2.688406
1.220619
14.639266
-14.822773
1.549088
55.934580
-13.626842
-1.024217
17.995690
-1.788129
-6.831258
4.285979
7.778766
-4.719057
4.093560
16.434746
-5.339811
5.742748
53.429275
-14.407222
3.445173
17.445905
-0.915564
-1.251263
4.166140
2.460224
-5.967449
-6.256034
12.391131
-0.597244
6.916568
52.365160
-15.175727
0.857137
13.119618
0.042745
3.009923
1.493410
-1.206970
-6.328998
-1.895241
1.375829
-7.311023
5.897221
53.102173
-13.222636
3.198053
9.632827
-7.906127
1.261629
3.836411
-5.715876
-3.057848
1.230445
-7.977840
-3.305079
7.159364
62.414416
-15.125291
20.203462
13.083475
-6.079162
-0.070077
-0.437450
-5.092841
-4.701782
0.836534
0.638995
2.653471
1.084704
63.189076
-14.032602
21.724776
16.705753
-5.385761
-1.507798
-1.275677
-7.517374
-5.302737
5.356373
0.814282
-0.367319
4.239218
62.396712
-12.567034
19.697588
12.719216
-5.705960
-0.958123
0.771371
-8.484692
-4.374194
5.717533
-4.506892
-0.287951
4.533024
61.501662
-11.488954
20.446723
12.017136
-6.476453
-1.364900
1.612993
-12.200158
-4.115195
8.028135
-2.509435
1.542829
-3.247571
61.871656
-10.886841
20.251329
11.314130
-7.303862
-1.281904
4.344423
-9.332081
-6.035988
3.693058
-0.774500
7.202773
-1.787353
62.003586
-10.496992
18.958895
8.913115
-8.569947
0.046442
3.457026
-8.292791
-8.180727
4.060414
-5.846072
6.255976
0.130626
62.199506
-10.486357
20.386001
7.418435
-8.476085
1.199122
4.225755
-8.605163
-4.940381
4.294265
-5.494102
9.118884
-3.287510
61.942061
-10.561692
21.483144
6.525887
-7.958529
-0.213920
4.530787
-12.544650
-9.188976
6.731368
-3.021997
7.820779
-4.107280
62.233527
-10.460810
21.000382
4.179531
-7.939658
2.306571
5.932919
-14.705026
-9.346358
9.088419
-6.557750
9.005002
2.476994
62.191208
-9.029600
22.411478
3.492663
-10.202128
2.857739
2.320610
-12.695643
-9.902835
12.081613
-7.692037
7.416912
1.710347
62.080826
-9.991458
20.616876
0.185797
-11.225610
6.942844
7.246958
-11.093345
-7.522462
10.465493
-8.577306
8.619821
0.623022
62.186289
-8.926518
18.655981
-0.480729
-9.328280
6.152815
1.322481
-12.787639
-6.191741
14.432860
-5.901706
7.812000
-1.326726
62.389355
-9.410394
17.957173
0.294308
-8.443502
4.100787
-6.690848
-6.091565
-2.385258
14.181453
-10.336593
4.507869
-0.305856
59.927647
-8.487948
17.018758
2.031184
-5.861001
5.170183
-5.707410
-9.068987
-5.825726
9.586443
-10.792896
11.367254
-0.625276
59.182066
-6.799747
15.800994
0.522335
-11.593971
2.713891
-0.587207
-8.771994
-7.427630
10.177604
-13.397791
7.548129
4.480261
59.159144
-8.442637
19.289494
0.946851
-5.720689
0.216078
-2.534046
-8.664148
-10.290870
13.627008
-12.116144
5.761219
1.751890
57.759518
-7.930529
17.467348
2.190483
-8.089245
-1.851553
-1.865366
-12.163450
-7.992179
8.311323
-12.934298
4.605797
0.669491
56.499079
-7.677248
18.768265
3.386389
-12.395746
4.662695
-3.864356
-11.941796
-7.819320
6.130748
-8.669742
3.590354
0.325789
56.127864
-8.061514
16.212921
3.028175
-5.675047
-2.125205
-4.348587
-12.109539
-5.874869
5.601900
-4.931171
3.476778
-3.977934
56.070148
-8.167378
15.655159
2.786170
-7.870249
-2.292024
-3.885867
-8.662320
-3.125820
1.782930
-0.036661
2.006989
-4.163326
54.694647
-7.448486
15.282532
4.545939
-6.377023
-4.604667
-3.589572
-18.083677
1.546293
-0.452123
-7.791211
-2.357215
-6.480123
53.225192
-7.384278
12.504593
3.095793
1.203958
-5.857796
1.617782
-18.235860
0.064125
-1.426658
-0.811908
0.518631
-6.792470
52.458889
-7.220330
16.690713
-2.404836
2.792842
-8.477736
-5.196739
-15.201395
-1.800716
-6.389689
-2.374788
0.505734
-4.883830
52.633484
-7.665528
11.610128
-2.958775
1.790172
-12.892923
-0.671860
-13.338350
-2.036295
-2.406985
0.202710
-1.206400
-9.433255
57.880149
-8.462194
-3.335325
0.955225
17.856367
-18.598357
-1.998972
-13.829976
1.184252
-2.691566
-1.217140
-4.113425
-2.207526
56.529024
-6.528103
-0.562015
2.041583
21.578631
-15.108317
-2.917543
-12.947366
-3.932809
-3.255812
-5.214999
-0.398970
-1.311621
53.697295
-7.519067
7.110228
0.654186
10.209185
-15.237370
-2.739937
-13.042172
-2.767392
-5.575805
-7.976261
3.963362
-6.588567
52.733236
-6.357853
9.716875
-0.386774
9.531557
-10.065933
-0.843392
-12.550149
-4.722903
-4.034467
-11.804642
4.967110
-1.548852
51.286792
-3.836487
11.082289
-1.206794
9.970553
-8.829444
3.080175
-10.705117
-5.769751
3.191707
-8.670486
4.702601
0.577104
51.264340
-5.156097
11.124272
2.213645
4.106295
-6.093965
-0.433025
-9.061500
-0.056347
-2.702255
-6.395423
0.144847
-6.365223
48.893381
-5.392088
7.620811
2.322705
2.689458
-3.465263
-0.671149
-6.125243
6.282703
4.013913
-1.411419
-2.979252
-7.152218
49.881208
-4.671669
7.662009
-1.295221
2.594342
-6.559587
-4.685380
-5.107197
0.977577
3.319144
2.101378
6.773136
-3.446751
49.009431
-3.051198
8.378464
-0.810333
3.187063
-4.429740
-1.976435
-6.477287
-2.235157
5.028674
6.579464
5.974488
-1.081462
48.449452
-3.067507
6.900210
1.330163
3.720169
-4.712553
-0.781018
-3.177742
-1.861664
-1.848588
0.223375
3.773180
0.098263
52.289772
1.664003
5.720915
-7.819776
-5.011774
-2.892324
4.438926
-3.560753
-10.041454
-11.223849
-0.329963
2.967528
0.350394
52.628329
2.171011
8.907487
-6.111450
-3.330794
5.752406
7.711326
3.777824
-8.424768
-6.121412
1.888712
8.521367
0.225519
57.602470
0.874343
13.718154
-5.100139
-3.929914
16.816720
3.474050
2.359690
-0.155408
-6.130550
1.689112
9.495380
-5.751411
58.866846
1.663328
12.376359
-6.558955
-4.772874
16.382729
-8.062008
1.020205
3.252982
-7.644502
-1.414953
3.830307
-4.214480
60.075727
-1.876536
9.067796
-7.455930
1.320346
21.587450
-9.006215
-0.539007
3.660662
-5.648372
-1.026040
4.180851
-2.590641
60.879825
-4.659123
8.933723
-7.612865
4.193069
16.641553
-14.830969
-7.457223
7.013073
3.204643
-1.611055
0.489728
-8.249873
62.496558
-6.612500
7.374435
-8.442408
6.071880
9.456680
-18.250592
-7.566123
11.700263
1.783582
-4.723598
-5.523005
-1.688414
64.116107
-3.807079
6.455987
-1.782577
7.119178
9.113332
-15.543113
-10.175442
11.144252
-5.729163
-4.344402
-7.905067
-0.973254
64.137431
-2.751145
8.020931
0.775935
9.679659
5.903280
-17.797753
-10.858241
7.729926
-13.116254
-5.979077
-9.721029
-0.767309
63.962364
-5.347256
7.960170
3.195363
15.215232
3.948708
-15.632995
-9.541825
7.719825
-6.781344
-2.793862
-4.926112
-1.772788
64.904412
-4.581756
8.789468
2.949752
13.466337
0.224640
-19.768802
-14.447981
6.323549
-12.414997
-7.580628
-5.470166
-0.508113
63.244450
-4.969886
6.600511
6.629984
9.939380
5.667933
-18.761356
-8.588434
4.218940
-6.705884
-4.471953
-3.003523
0.280652
63.582791
-4.803801
6.362033
7.898760
6.940909
7.264559
-17.723775
-11.091238
8.262161
-9.915130
-2.648838
-6.410504
-2.166026
62.268538
-3.633206
2.630421
8.183541
4.518101
4.424406
-16.580643
-7.475899
3.243807
-10.381281
-3.548516
-1.166132
5.677657
67.239710
-5.420711
-0.445473
11.779612
1.955037
0.417744
-17.469764
-9.807663
-3.269876
-7.873080
-8.018115
-2.154113
1.527143
65.327844
-5.282066
-1.440805
9.465962
0.075430
-2.770677
-15.875749
-5.842484
3.568290
1.091559
-6.235815
-2.531197
1.218201
66.700938
-5.886156
-5.401004
6.131830
0.288701
-1.852347
-14.499053
-7.222925
1.807046
0.109726
-7.096364
0.488891
1.614141
65.140746
-3.266513
-0.756580
6.837692
-1.771477
-6.639083
-15.385067
-10.023125
-2.263281
1.278573
-1.540715
2.805388
4.162321
61.630341
-2.917739
-5.645723
1.633322
-2.134558
-6.471016
-14.749221
-5.065999
5.057249
2.714376
-0.468032
2.175971
4.531264
64.182549
-2.513768
-1.552622
4.441315
-3.448282
-7.188405
-8.319761
-8.389182
0.840177
4.364240
-1.618684
3.321800
0.287247
60.065617
-2.693842
-5.128798
-0.325516
0.740534
-9.082248
-11.000674
-6.926913
0.769010
-0.782513
-10.323427
3.004787
-0.694203
62.685361
-1.125092
-5.396548
6.985858
-6.843721
-13.813755
-8.634662
-8.786395
3.746693
2.536828
-7.892022
-1.609591
-0.130904
58.980570
-1.931222
-3.955673
2.339695
-0.831522
-14.305856
-6.232386
-6.751086
1.641562
5.790422
-10.079275
0.425009
2.609744
56.573766
-4.146353
-5.966134
5.123747
5.364270
-4.861097
-0.783916
-3.041676
6.479548
17.619541
-4.007505
-5.366782
1.594129
55.354761
-3.094686
-5.757114
3.589257
2.179463
-5.860134
0.580881
-9.878438
6.372024
13.394057
-2.062318
-1.596284
5.074065
53.734283
-4.490242
-4.031205
0.260968
0.678119
-1.892791
0.171820
-5.881877
6.375924
5.998057
0.803719
1.379244
4.707657
50.899706
-4.988242
-1.131565
0.719766
-2.481561
-3.162162
-0.615870
-8.863416
3.529078
-0.714846
5.699363
8.041298
2.285597
50.238424
-4.854808
-0.968022
-0.352539
0.747663
-2.014038
0.008720
-3.518461
1.383456
-0.599510
-0.976405
4.634909
5.507727
48.732154
-7.188333
0.636082
2.652361
-0.929276
-5.182559
-3.964338
-7.308326
-4.145511
-3.551258
-5.996122
-0.176844
-1.368975
46.503057
-7.228060
1.802815
2.792449
-4.136950
0.060720
-5.054930
-3.933846
-2.952355
0.715137
-0.573624
-1.874551
0.302571
45.197812
-5.309299
1.208574
0.114515
1.267928
0.165681
-3.177587
-1.331267
-1.647556
-2.155583
3.631114
-0.178988
3.724976
45.720125
-7.408038
1.098899
-4.616921
-2.724063
-2.313710
-3.665138
-3.728681
-3.496077
-1.494199
-2.990334
0.560397
5.296481
45.926063
-7.507028
-0.457921
-1.006390
5.510914
2.152655
-5.830170
-2.973713
2.653959
-3.194888
-5.514729
2.184937
-3.198082
46.456634
-7.437276
0.182786
-2.423072
1.687501
-1.177736
4.083388
-0.974035
6.435552
-1.454520
-6.197873
-0.173539
-3.660847
44.670669
-7.615561
1.456240
-6.383343
0.382750
-5.582528
1.439982
1.701201
-4.536589
-0.952587
-5.255867
-0.854656
4.498211
55.384756
-4.673560
-17.092532
-5.472472
18.101397
-3.971665
-3.166332
-0.173239
-0.345999
-3.806072
-1.301511
-1.441950
3.710645
55.325812
-4.800478
-16.918878
-4.305585
17.927051
-4.613670
-6.286946
-1.298432
4.373842
-7.002890
0.765681
-1.977772
5.358680
61.248672
-7.594709
-11.757749
-7.177369
3.398775
-1.418216
-4.498750
-3.531528
12.604187
-10.771815
-1.557810
-2.483686
-1.861846
65.780515
-6.612867
-9.874306
-6.218872
-4.077649
-5.160006
-3.390370
-1.714478
10.587633
-10.760623
-4.178925
-1.854787
-3.391977
59.133844
-7.779518
-7.853245
-2.907877
-2.048296
-3.302935
-1.798029
-2.088095
8.672077
-9.406758
-2.079084
2.141377
-0.793955
59.317521
-7.129969
-6.432249
1.044436
6.949963
3.267240
-9.770591
-11.675547
2.910728
-13.243008
-1.170727
0.598690
5.125092
57.311579
-7.433524
-3.894070
-1.908511
6.354855
4.156660
-6.203837
-7.932073
1.562570
-9.904012
-4.507987
-9.622404
4.251270
56.208436
-4.602976
0.767572
0.060295
-0.390905
-1.811446
-1.551187
-4.857364
5.332279
-2.464273
-0.225768
-1.739796
-0.987115
64.916266
-0.804217
7.478015
-6.068116
4.842314
2.191460
-13.588851
-12.207789
10.161260
-4.568835
-8.015300
2.977189
2.237928
64.616855
-4.983380
1.594827
-4.240164
2.472321
-2.007922
-19.292621
-14.595565
13.643861
0.381394
-14.103832
-3.430334
-0.907163
65.561724
-1.762366
2.923880
-8.324860
6.392550
2.266472
-11.667627
-9.726614
11.819302
-0.594269
-4.758320
1.425617
-1.166873
67.826682
-5.161660
0.237309
-5.762054
1.581474
-1.305986
-10.833249
-10.863561
4.675495
1.841303
-7.950082
4.517152
-1.032033
65.049468
-3.879199
0.279054
-7.201644
3.106516
-1.046054
-7.227855
-10.110444
7.997115
0.583693
-7.200495
0.249756
-2.122750
67.661992
-3.381801
0.044283
-6.098093
-1.520379
-0.655476
-6.425229
-15.437915
6.117022
4.632740
-5.507450
6.814425
-4.350649
65.838042
-4.919402
-3.664924
-7.066773
0.579555
-0.711166
-7.244700
-12.727863
8.448829
3.102563
-9.501367
5.490519
-4.960871
67.146590
-2.724443
-1.128515
-3.139573
-3.121558
-3.073760
-7.431775
-12.340382
10.486216
4.992540
-5.855636
1.483006
1.925768
66.690157
-4.096245
-4.711892
-6.804402
-2.346000
-1.701212
-2.532518
-11.865270
7.560847
3.589217
-8.862958
3.738556
-2.650132
65.102159
-3.011172
-8.088890
-2.227841
2.184623
-0.952562
-5.666463
-12.065206
14.919384
4.386565
-4.570917
-2.144500
-5.965035
64.803019
-3.600603
-8.735472
-9.089188
6.266715
2.906065
-3.840912
-9.305339
9.673055
-3.561692
-5.489416
3.223657
-2.911417
64.033665
-2.285486
-8.717118
-6.292082
1.216713
-2.403273
-3.081159
-11.616398
9.239689
4.809898
-7.368165
-0.593115
-2.391634
64.307949
-3.740578
-12.821302
-6.067309
0.371920
5.063127
-8.823599
-11.881645
5.128208
-0.181330
-5.598567
-1.481055
-3.759717
63.581242
-3.526579
-10.100625
-6.716200
-2.180518
0.854176
-5.531125
-11.855491
8.209401
3.883745
-7.787528
2.889608
-3.475407
63.280459
-2.969113
-9.795597
-7.216113
-1.825142
-0.879116
-7.284696
-10.293805
11.556199
2.248778
-3.435469
3.572763
-2.612017
62.659580
-4.934639
-7.793185
-7.530842
-1.610406
1.444379
-1.309500
-7.420175
19.064897
6.804831
-4.229583
1.440514
-6.224934
64.173956
0.743798
-11.443348
-2.311673
-0.568452
-0.869276
-7.736034
-12.161535
11.961423
4.911737
-1.491398
-0.166921
-2.462467
62.763896
-1.144159
-2.584341
-6.986505
-5.860801
-4.416569
-5.421517
-9.788395
6.564342
8.416405
-6.195791
2.601640
-1.914439
58.827842
-1.218703
-2.304717
-4.154459
-3.278776
-0.335958
-2.028127
-9.243945
6.619033
8.096264
-2.981852
-4.396030
0.896098
63.388880
2.524179
-3.267095
-4.961857
-5.284899
-1.815456
-6.234314
-8.758457
6.581334
3.876475
-2.035838
-1.642675
-1.973047
60.970985
-0.725392
-6.159995
-5.926566
-2.651778
1.988258
-5.538195
2.236618
11.346265
4.998513
-4.298008
1.195980
-0.198700
63.122853
1.934730
-6.974042
1.206845
-5.436503
1.269344
-6.483441
-14.252332
16.894918
4.969733
-7.637683
-0.863564
0.876195
61.298223
-1.330792
-6.333853
-2.165615
0.130899
-1.763133
-4.158225
-16.304002
6.591235
-5.000263
-9.810174
1.350361
1.889283
60.723269
1.569914
-1.254800
-4.072263
-0.900600
0.432465
-10.736633
-12.332454
9.956676
3.192582
-5.462117
2.008044
-0.969000
62.316038
1.985284
-1.706360
-5.523802
-2.191574
-0.312597
-12.364351
-11.639089
9.056314
3.929360
-5.475033
-0.612305
0.532990
57.559872
-1.088674
-5.666949
-5.692281
-1.574064
0.740261
-12.001701
-10.099404
12.402999
2.666154
-4.586083
-2.738021
3.359519
61.086882
0.716597
-6.159731
-1.629915
-4.675615
-1.749952
-11.930870
-13.177098
12.406845
-6.033330
-1.004961
-1.007194
-0.947648
61.051466
-0.625820
-7.294398
-1.191603
-3.408105
-0.320829
-11.908026
-11.733612
8.159221
-7.148601
-4.342853
1.116844
1.470761
58.435517
-0.281028
-0.955928
0.941915
-1.300549
-0.820392
-10.598425
-10.847961
9.196191
-1.007797
-0.056773
-4.318651
-0.135453
56.457260
-3.961071
-3.543960
1.715944
1.882112
0.027035
-10.229410
-10.947154
7.054873
-0.236115
-3.075636
-1.846863
4.107733
56.293318
-3.181351
-2.354806
-2.170142
-2.051452
1.632461
-11.440326
-5.677894
6.573374
-0.604101
3.464594
-3.403467
-0.986733
55.253239
-2.232655
-4.284468
-5.670169
-1.995000
-2.690040
-19.812343
-14.132369
5.056372
4.794617
3.343838
-1.481907
4.884236
54.478772
-0.333977
1.868951
-1.327306
1.557402
-2.285022
-17.620348
-11.775946
3.400340
6.276907
-3.933372
-7.884127
9.800225
55.029895
-0.958200
0.224151
-0.096790
-2.375883
0.062207
-15.590350
-10.790493
10.041008
2.867856
-5.559171
-6.050414
5.453331
54.253532
-2.000339
0.785094
-1.480361
2.226257
0.687629
-12.950769
-6.765427
7.844511
-5.869964
2.096168
-3.725068
-1.528586
53.534021
-4.406946
-0.216330
-8.204748
0.622056
-4.494077
-10.033604
-4.509853
7.143480
-0.325107
6.443466
-2.766621
3.039487
52.960970
-7.221507
0.845842
-6.070222
6.189837
2.281452
-9.622700
1.376393
4.375524
-7.381112
-1.345753
-5.381293
2.713333
51.876105
-8.325966
-0.786463
-4.978629
2.542715
-1.081952
-13.971479
-0.228491
-4.560200
-5.160183
5.791720
-2.091082
3.728458
51.307329
-9.515826
-0.721554
-1.630890
1.865250
-8.971641
-6.469310
-0.360427
0.574405
-5.390774
1.968848
-2.719284
5.262589
50.011542
-9.747977
-1.566089
-1.141731
8.883012
-2.124176
-7.390000
2.547472
-4.097671
4.871344
1.501160
-5.992325
-3.262113
48.731009
-10.847235
-0.070653
2.674706
4.497393
-3.211931
-4.279518
-0.486281
-5.632335
0.524773
2.879480
-2.821846
-2.542994
48.809157
-9.536788
1.749922
-0.301786
3.964689
-6.101588
-4.167565
-1.128377
-1.884948
0.326795
5.208433
-1.601103
1.345147
47.340961
-10.730262
-0.245463
0.683289
1.007789
-6.930730
1.178583
-1.500247
1.827326
2.812404
3.026514
-3.860516
4.625605
47.743584
-11.862868
1.064250
3.130351
3.453303
-4.630468
0.130309
0.373487
8.913376
-0.706890
0.877659
0.563612
3.040560
47.700474
-11.175511
-0.837332
0.315998
-0.145325
-3.926072
2.673087
7.107849
3.712132
-14.464317
2.406516
-3.989228
5.316786
48.893662
-11.122019
-1.884157
0.728932
-4.648198
-7.781184
1.209179
1.372752
3.771940
-4.511850
-0.269972
-4.427642
6.486089
50.009729
-11.794366
-1.016582
1.267146
3.036760
-4.768370
-2.836073
-7.387109
4.482912
-3.797349
1.246910
-2.767204
3.646351
50.966582
-13.723166
0.717677
-1.122989
8.640921
-1.218358
-4.022984
-7.436437
0.508962
1.054272
-2.888294
-4.957891
2.691245
51.203421
-13.963343
-0.253456
-4.041258
8.164051
-0.555217
-5.360069
-8.730692
3.629521
8.847972
3.202241
-5.179242
-1.618455
51.612961
-13.109983
-3.618944
-5.918142
5.020534
0.207577
-4.958138
-0.893047
3.273333
8.219456
1.081986
-5.091860
1.196815
53.774731
-16.292547
-5.193877
0.939923
4.163972
0.465454
-2.828794
-0.603034
2.123732
11.208183
1.898560
-5.101493
2.548974
54.595895
-18.005412
-5.935595
-0.863378
5.148343
2.954995
-9.194663
-1.234122
-0.244880
2.988037
5.206332
-6.172991
6.234282
55.196090
-17.078246
-2.220834
1.955919
4.280760
-1.442247
-7.871866
-3.443262
5.152773
1.066412
8.511319
-7.214991
-1.833810
54.084821
-15.861841
0.179955
4.156197
2.558710
-2.283870
-6.553132
-5.843920
0.686746
-9.989577
5.017843
-4.044895
5.041151
53.017199
-12.822905
-3.559507
-0.614931
5.221346
-5.756632
0.944171
-8.732615
3.386203
-0.250910
-2.039784
-5.481069
0.326476
52.581375
-12.624948
-3.828573
-0.506304
4.072702
-0.004036
1.100107
-8.155944
-0.316173
3.493149
1.718848
-1.159682
0.510150
50.964878
-12.794978
-5.316241
0.566511
7.590504
-1.580375
0.361935
-8.814982
5.571930
2.178359
-0.728810
-3.647302
-1.387060
49.329166
-11.323681
-3.881342
-0.852041
4.540399
0.022640
0.979307
-9.046563
-0.086996
3.809193
1.511418
3.343171
-3.788154
48.242336
-9.060949
-4.403593
1.265831
1.113446
-6.243474
0.905461
1.857800
2.369396
-1.918656
-3.867067
-3.801021
0.406982
47.312480
-9.845106
-4.042512
0.582007
1.000490
-7.237568
-3.827167
-2.192701
-1.787760
-3.376765
-6.583100
-3.904578
-1.929139
45.874179
-6.310323
2.200258
0.659014
0.245483
-1.699060
-3.291600
-8.129135
4.424694
-1.622917
-3.189884
-9.945871
2.427909
