61.108443
-1.995223
0.629445
4.323118
6.468926
-3.325623
-12.653101
-6.679523
4.267437
-7.267149
9.883583
-7.162521
1.072808
61.567447
-5.181067
-0.691933
2.085860
2.775847
-5.265156
-8.587281
-7.544972
3.819544
-8.741180
9.165847
-7.234199
7.046941
61.998696
-9.118920
0.574581
3.898222
3.602149
-7.787906
-2.439544
4.077673
10.601630
1.011371
5.786829
-7.684855
10.444006
59.849845
-12.787289
1.614556
0.710405
2.646867
-2.374302
-1.464445
4.832502
9.175515
-6.733925
3.412532
-6.394930
6.730829
61.093810
-13.984637
-2.438718
-4.083323
0.094142
1.552698
8.224082
0.010847
-3.694992
-3.052779
-3.940009
-3.415441
2.661322
58.834827
-10.731960
1.187345
-1.354012
3.936969
0.875502
-2.105980
0.939527
6.256709
-0.793960
0.996780
-2.937200
6.334762
57.305341
-14.631935
-3.860693
-5.310838
2.411107
-0.834200
-2.400753
-3.737468
1.758278
-5.257529
1.733749
-1.754364
8.263551
56.618032
-14.049993
-1.524734
-1.067130
4.537967
-1.383540
3.690022
1.790608
5.134026
-4.449657
-5.095286
-6.736507
4.414840
56.949874
-13.532911
-1.156148
-0.696117
9.420006
-1.563690
-2.492167
-5.533305
9.127051
-0.560931
2.018435
-3.426063
7.272571
57.390264
-10.830258
-3.891092
-1.891267
11.815763
-2.006602
-3.789867
-5.400647
14.676811
-0.433775
4.052700
-4.912912
3.148435
57.263309
-14.605032
-5.347425
-5.268415
6.486372
-4.314513
-7.706494
-1.627539
10.933757
-4.849323
3.451024
-7.309970
3.375372
58.672416
-12.676352
-1.724497
-5.618904
6.595718
-1.673123
-2.044601
0.746534
8.736859
-5.034757
-2.694509
-7.554693
7.554748
58.614743
-10.527271
-1.594485
-1.818055
3.070699
-1.633602
0.434336
-2.693902
6.046049
0.403837
-0.572245
-6.485870
1.839092
57.205147
-11.095368
-3.214746
2.242464
7.137728
-5.600061
-5.397950
-3.273792
8.335807
-3.990371
-2.595051
-2.605938
8.140824
56.981309
-12.663812
-2.070296
0.920979
5.877518
-3.046547
-11.585252
-12.220233
5.343477
0.803540
-3.407885
-5.236547
8.140484
54.885409
-11.829414
-5.121407
1.407465
13.998331
7.651306
-16.567789
-21.397293
4.576707
1.703270
-2.171668
-9.313415
8.344375
59.798702
-1.056418
1.993909
-1.632350
9.568206
5.677833
-14.321410
-10.057163
-1.270461
11.724221
1.741791
-6.147153
3.561887
61.058064
-0.086301
2.767718
-5.011478
7.643559
12.093796
-16.532633
-10.920000
-4.229719
10.182518
-5.019766
-9.543779
3.965541
60.743357
0.021554
2.623639
-2.485106
7.976308
9.539329
-12.586424
-7.079957
-2.898202
6.722322
-3.098106
-4.623441
-0.639919
60.908824
-0.462203
2.736687
-2.383931
10.046129
10.623952
-11.881240
-6.931965
-2.802730
10.125909
-3.312546
-8.367432
-0.981063
60.473485
-1.423798
3.777861
-4.353150
6.326014
7.814464
-6.561450
-11.779383
0.411911
14.248674
-3.756592
-4.457399
0.763023
59.966608
-2.073472
4.808755
-2.919153
6.292698
7.875517
-5.941130
-12.004823
-0.385009
3.455830
-0.255882
-5.433226
6.388643
59.056370
-2.403159
2.163972
-5.985909
6.926774
8.967906
-5.524880
-9.584065
0.822897
3.772932
1.767947
-0.530888
4.986579
58.892790
-3.568813
1.327218
-6.511842
2.179034
9.105521
-10.233998
-9.794356
4.060439
5.200135
-5.401657
-3.202848
8.404710
57.901192
-5.557268
1.096469
-1.385575
2.833967
12.873580
-12.146773
-12.131427
7.092463
16.819500
-4.861709
-7.480293
5.524620
57.092607
-5.711449
4.047111
1.385831
9.964827
11.579342
-12.349546
-14.001439
2.967775
7.513453
-0.038886
-5.099536
12.232615
56.105865
-7.552395
5.326452
1.738777
9.132785
10.403216
-13.451377
-9.397579
7.394098
5.884159
-1.251989
-6.018523
9.497510
55.802389
-6.488552
5.842916
0.349152
5.714893
9.890401
-13.649003
-6.341669
8.772436
9.192613
0.528021
-5.087527
12.620458
54.603183
-6.904780
6.201113
-0.662815
6.592042
7.598752
-14.112839
-0.210697
9.792535
4.794442
-4.511173
2.074704
12.027231
53.686191
-5.511075
5.402101
0.634565
10.323639
3.837985
-7.665183
-2.490466
10.530091
5.826980
-4.911122
1.909030
11.689344
52.387404
-6.001641
5.736642
-0.371154
9.764586
11.187446
-6.504386
-0.840890
4.011642
1.169934
2.107609
4.355877
10.887289
52.073138
-5.005038
7.576240
4.142394
1.767435
6.428641
-8.651748
-4.794707
2.514505
3.733972
6.173167
4.065595
4.486415
50.755388
-7.492071
4.857556
0.534432
5.472559
4.470264
-1.317056
-8.779956
8.236070
5.574902
8.327310
1.948450
-0.191730
49.005446
-8.888299
2.513203
-0.091845
2.788985
1.230717
3.565928
-3.105802
9.863863
-3.341627
-1.602422
1.506697
5.297049
49.459813
-7.830670
2.228762
-1.240897
1.735166
0.697135
5.313845
0.456157
8.555363
-2.019458
2.924626
1.517804
2.797635
49.974493
-8.178209
1.656226
-1.606734
0.718925
-4.207913
3.919858
-4.722529
4.618215
-6.933852
0.937326
-0.437068
2.996377
50.196813
-7.223584
1.202444
-0.901386
2.241580
-1.774571
2.119117
-2.389658
1.113085
-1.276846
-0.312223
-1.989165
1.267339
55.069231
-6.079085
1.279386
-2.128920
2.012969
-1.789530
1.901324
-1.822365
2.182380
-1.347540
1.785734
-0.497131
2.203801
52.947499
-6.434389
1.227877
-2.299800
2.028669
-1.799945
2.548191
-1.490294
3.977117
-2.618013
0.851462
-1.109273
4.866414
55.412650
-6.809683
0.335555
-1.061038
2.366203
-3.763388
2.358409
-0.273332
1.776669
-2.679961
2.366080
0.345896
3.024148
54.332045
-7.640056
-1.811751
-2.375117
4.130579
-3.342474
3.217267
-2.339624
1.363971
-2.762559
3.509853
-1.030123
2.566503
56.520039
-9.239849
-3.282100
1.129128
3.564440
-3.133549
-2.762090
-0.842899
8.115840
-6.159826
2.065293
3.142270
2.035847
56.745452
-10.616183
-4.100261
4.052019
1.585882
-3.143141
-1.405592
4.215633
1.153873
-2.655117
3.441654
1.077192
2.976274
55.890938
-12.855785
-4.417414
5.448731
1.354008
-0.707043
1.134210
10.248809
-0.306401
-5.015842
7.034897
-6.674542
3.044925
57.333461
-13.407354
-2.636504
7.655565
0.737904
3.694528
-2.349327
11.529082
0.741670
-4.613869
9.448891
-1.427103
2.047305
56.622180
-11.793841
0.209458
6.317859
1.571660
0.981827
5.268440
6.535602
0.365028
-4.796741
10.625828
-1.553625
1.127332
54.742491
-12.628461
0.810491
12.461027
-1.173110
-7.306765
3.220028
6.905374
-0.775826
-2.049190
11.862646
4.053162
8.842121
55.238414
-7.248435
4.777071
12.277538
1.167279
-7.924287
7.629950
9.908399
-7.784839
-7.034243
8.884744
-8.067391
1.708978
60.042667
-9.241179
15.417653
17.699668
-1.547931
-5.797350
1.444339
0.991573
-8.296957
0.088890
7.873281
-8.220165
4.185874
58.849651
-9.579401
16.044664
14.919267
-1.380764
-7.526361
1.103571
4.864764
-11.623389
-1.435901
5.817407
-12.354865
4.452722
58.264163
-10.263311
13.237659
11.369639
-2.238495
-7.389573
-3.747530
4.435197
-9.334821
5.552724
2.032274
-2.093531
4.467603
60.712370
-9.790070
15.421972
13.913065
-2.615241
-7.218091
0.553050
2.374347
-13.375082
9.006577
-3.612797
-6.114394
6.337493
59.131428
-7.468098
14.583098
12.602358
-10.523708
-4.312613
1.239693
1.326043
-15.000055
7.542012
-1.105287
1.362870
12.295689
58.507128
-9.293403
18.920980
9.754576
-6.827360
-1.135550
4.281192
0.718088
-15.060838
10.224496
-2.788529
-0.116271
5.369751
60.398616
-8.713656
15.537281
3.967701
-6.994910
4.220830
7.148606
0.238033
-14.872504
7.600133
-1.910719
6.425845
4.036406
60.232812
-11.038474
18.428573
6.477857
-5.206084
3.259998
6.922027
-7.726776
-10.429680
12.879617
-8.926197
4.879483
4.625959
60.360482
-10.780048
21.562193
6.950332
-5.409708
4.608731
4.307715
-15.200784
-12.009666
15.883392
-7.254699
8.186034
7.680699
60.694676
-9.793000
20.051794
5.401907
-8.416910
3.845992
4.589724
-11.700586
-7.932048
13.742968
-7.013350
3.192255
5.187283
61.331845
-9.715507
18.443880
4.800941
-7.284634
4.746941
3.922278
-10.755366
-6.257690
11.739774
-7.256432
-0.007864
2.676978
62.096545
-10.258089
18.533817
4.198846
-6.441996
4.833682
2.880864
-9.620809
-5.839646
9.877973
-7.477551
1.203582
2.947211
62.366569
-9.576833
16.756410
3.224954
-7.825761
8.007693
0.758235
-10.777133
-7.676293
8.821584
-7.568676
2.097954
2.460830
62.891957
-10.274342
17.103059
5.198172
-13.521004
7.606880
0.273814
-12.496466
-5.175222
6.287830
-2.097944
1.233073
5.415855
61.715578
-8.277126
16.357475
2.347189
-7.962957
5.565339
2.889008
-8.861440
-1.406580
6.565316
-3.193877
-3.135934
2.269012
59.404407
-7.432378
14.829536
1.843182
0.750141
3.365339
0.485876
-12.093519
-1.405654
7.054522
0.747106
-6.982750
3.628765
57.938651
-6.202284
12.942834
0.903392
2.367012
1.931402
2.305269
-8.838231
4.922001
2.410511
0.786504
-5.282962
-0.154616
57.214474
-6.701823
12.705974
0.848914
-0.819105
3.451004
0.029537
-13.375957
9.633218
5.127949
5.662566
-4.004735
-3.299784
57.230950
-6.066860
11.470462
0.983623
1.562895
2.236371
3.029518
-17.571885
10.221012
-1.964135
0.716244
-0.651860
-1.250561
57.314961
-4.386883
10.478232
-1.603202
3.473975
1.276452
3.462138
-18.274246
7.556530
3.633744
-2.180800
0.289901
-5.122743
54.288810
-3.068793
8.131949
-4.078474
6.382159
-2.423364
-0.168326
-16.489423
5.988649
9.903134
-0.611783
7.272524
-2.747566
53.081350
-4.254739
12.703241
-3.542195
5.115716
-1.365093
0.264843
-8.505769
6.464591
5.510075
-2.750672
9.899679
0.848979
52.130587
-3.264802
10.043966
-2.744305
7.438651
-2.682376
-2.493968
-6.809268
5.245522
7.156598
-4.082934
9.582082
-3.914740
51.819577
-1.673169
11.029990
0.424858
7.910801
-7.831962
3.567923
-1.612149
1.985387
5.928768
-6.497162
7.099365
-3.280029
54.193000
0.114635
7.914474
-7.533831
1.764207
2.927892
7.322046
-8.629443
2.192618
-2.116274
-0.898969
15.371319
1.692529
54.539581
2.170883
8.546080
-4.729317
-1.102660
0.538918
10.070925
-4.162275
-0.221509
-7.372348
-7.118606
15.493700
-2.957452
54.938244
2.607828
7.000168
-3.548948
2.467487
-1.861278
2.916671
-10.232072
-3.891644
-3.074397
-3.161136
2.448938
-0.837065
57.180381
3.893753
3.737339
-4.311545
6.260611
4.826085
-7.098808
-10.321730
5.745513
-3.117206
-10.278547
5.671433
1.858873
57.900588
2.575516
4.969574
-3.226043
7.614925
-2.690273
-6.147513
-9.105889
7.660864
-2.485231
-12.787359
-1.017447
1.612881
58.729769
1.040772
6.311781
-6.751079
9.918825
1.810383
-12.902977
-13.705418
10.341185
-8.620425
-4.751393
-3.193081
3.172526
60.187194
0.725453
5.411857
-3.843725
7.126072
0.699050
-15.532272
-5.830297
6.877197
-6.594678
-0.767517
-3.774169
3.041027
60.091620
-0.546203
1.204391
-2.583426
9.704413
1.032628
-14.204691
-6.417988
7.410825
-4.795351
2.416777
1.395724
4.136676
60.735268
-2.808990
0.660944
-3.766254
7.799257
-1.145818
-19.967877
-0.950021
9.652392
-9.055979
-1.510377
-3.374717
-1.461405
62.952393
-2.534302
-0.187859
-0.630075
10.054893
1.392428
-23.519726
2.212438
8.015790
-6.188288
-0.080687
-4.020930
-1.071232
60.273207
-3.005360
0.077832
4.266953
2.266597
5.125497
-18.171374
-7.707962
1.908639
-9.307492
3.856176
-0.029636
-2.546688
59.873213
-5.225701
0.696904
4.644864
-6.199573
2.836362
-17.368734
-10.016048
8.568372
-3.750145
5.702205
1.722074
3.058059
59.974413
-4.468936
0.391492
4.185084
-0.962750
-0.061779
-16.568741
-15.476725
7.738803
-6.011068
-7.681544
-1.950888
2.708339
63.624969
-1.871725
-5.645047
5.740170
-5.478539
-1.447405
-10.862532
-0.293844
1.994163
0.439530
-7.442909
-0.924009
-0.350190
68.214443
-0.704293
-8.306936
4.706644
-6.749250
-7.842974
-12.454849
-2.288616
0.132842
4.053650
-7.355272
4.077687
-0.535765
61.521557
-4.393967
-8.681340
2.579084
-3.854765
-3.024452
-8.491248
-1.022891
2.514064
5.456835
-8.048034
3.307969
4.345257
62.010150
-3.649096
-8.050049
5.231125
-0.716577
-11.679947
-8.439177
-2.742517
3.516716
7.918228
-6.382072
5.528432
-2.097213
61.030145
-3.069062
-7.222048
6.189884
-4.439877
-8.298661
1.109608
1.702872
9.034676
9.993306
-2.508048
-4.829633
-1.260060
59.606704
-3.759564
-6.459994
9.319067
-0.315340
-12.634373
-0.505736
-3.775731
5.752740
8.505245
-1.931176
-0.017385
-0.741714
59.426213
-2.808084
-3.829661
9.294188
-1.779176
-9.082678
2.989185
0.031312
4.751391
-0.427111
-4.572891
-1.546784
1.581916
56.270785
-3.612238
-5.948435
6.729900
-0.747078
-4.127610
3.953694
-4.684476
0.299430
0.056631
0.595843
1.180286
2.300798
51.127565
-6.619809
-7.539903
4.670747
2.989573
1.980844
2.162541
0.821526
2.901376
-6.692296
1.169622
0.180716
4.755035
49.607301
-5.367732
-2.182418
3.766922
2.102680
-7.687397
0.172867
-0.268567
1.674860
-2.601504
-0.666379
1.357334
7.530784
48.623271
-6.546025
-3.053668
4.429323
4.033208
-1.267393
1.880942
-2.295501
2.380656
0.633622
1.284932
-2.719564
0.670224
46.468127
-8.292415
-2.052958
-0.889841
0.134834
0.901134
6.055147
-1.180505
-4.898716
0.689796
-3.275952
-0.986857
2.072386
45.210639
-9.914296
-2.821645
-3.008317
-3.194502
-5.401571
-3.181138
-0.172865
-6.541595
-3.718080
1.472099
-1.103831
1.342509
45.664648
-7.866731
-0.088796
-2.839978
-0.555404
-2.125239
0.046443
-2.898171
-2.993144
-3.750174
-1.398745
0.345429
0.961463
45.455217
-7.536953
-1.780570
-3.175413
-0.349995
-3.047863
-1.877859
-3.644549
4.195806
-4.277024
1.293221
-0.730942
2.501644
46.084708
-6.715082
-2.274501
-7.428691
-1.164904
-9.723865
-4.159538
-1.934026
-4.729569
0.992243
-8.968684
-1.207845
3.070000
45.688274
-6.913655
-0.106324
-3.307235
-0.462916
-1.050479
-1.046394
1.669353
-4.662461
5.042450
-0.006641
-1.378312
-0.159484
44.318647
-7.501474
0.269121
-3.466229
-0.269880
-3.229120
-2.043053
-5.761861
-6.671693
0.873014
2.278750
6.075367
1.714017
61.415846
-12.724842
-15.058572
1.205925
2.654619
0.097987
-2.030873
1.878630
2.557187
-9.024142
5.196480
-2.949252
-3.166512
66.841258
-11.636919
-8.053149
-0.836712
0.002567
-0.402876
-10.633280
0.582579
0.788974
-14.732960
6.931241
5.006824
-1.470322
66.190376
-10.127415
-6.044126
0.673943
2.044213
-0.852283
-8.057581
2.797569
-1.147800
-17.239656
6.433532
0.881290
-1.953933
61.403773
-9.086017
-1.398399
3.216743
3.617850
-7.990474
-0.588021
3.595899
5.040156
-9.575813
5.238363
-8.442938
-7.623050
60.480503
-8.636685
-5.577958
4.784884
2.087196
-7.503260
-6.144941
-0.596224
0.457275
-9.768164
0.826158
3.496339
3.381194
60.940205
-4.376681
1.691840
5.657253
-0.756363
-6.778652
-1.605447
-4.573883
6.787993
-2.873018
3.130659
-2.278780
-4.412403
63.161869
-3.263602
0.596525
7.560671
-2.637114
-7.274665
-3.434604
-5.617604
4.441377
-7.236665
2.449431
5.666707
-7.452634
62.394348
-4.979953
-1.589929
4.015995
-0.241029
-8.460654
-2.895700
-4.869939
3.886685
-7.040005
-1.185370
6.998661
-2.426833
70.776342
-4.496180
-1.179016
4.165170
-0.435165
-11.415077
-6.093978
-7.402896
5.931931
-6.520095
-2.991633
6.442636
-4.531420
63.430413
-8.108367
0.170619
2.121374
0.798097
-6.620490
-9.005605
-10.832165
6.122623
-8.964776
0.605035
2.051682
-5.923979
66.539471
-4.375131
-2.516513
-1.305040
1.214657
-5.651601
-5.802255
-5.670932
5.500483
-0.950942
-3.873350
3.698507
-2.079448
70.278643
-3.281789
-2.938884
-0.188557
-1.469753
-10.097482
-7.859970
-9.267664
8.183958
-3.552529
-3.451485
5.851756
-1.570051
63.654653
-7.536308
-1.308826
0.188906
-2.047344
-8.035651
-9.545297
-5.462837
11.148039
-2.801994
-1.948250
3.569572
-3.741833
66.224893
-2.559948
-0.874298
1.697983
-4.037698
-10.381216
-6.668134
-8.477711
9.376468
1.191540
-5.111566
8.358303
-2.843981
63.975057
-4.462601
-2.991252
-1.999824
-1.001083
-6.370011
-6.203407
-3.129436
8.708921
-2.059413
-2.309963
6.051128
-0.750662
63.396102
-4.984256
-4.518843
3.469176
-3.457468
-4.316075
-7.166388
-1.380137
13.380192
-3.858968
-8.102049
3.814509
-3.916527
67.374257
1.756719
-8.897571
1.850891
-3.909445
-2.488970
-6.763042
-7.055184
7.692522
1.652855
-4.790832
0.923444
2.763856
68.260904
-3.936099
-4.889577
-2.642683
-4.531292
-4.927121
-11.654275
-9.563872
9.571697
0.914981
-8.046083
3.091149
-0.966627
62.194147
-5.428411
-3.703122
-1.301384
-2.095475
-0.996725
-10.193459
-0.356297
14.589113
0.483796
-4.833243
3.844657
-2.710324
65.875036
1.807325
-7.385238
-4.115417
-3.397732
-1.001702
-8.974476
-6.813911
13.045801
-0.209465
-5.176692
0.879548
-0.015763
64.562199
-3.378144
-9.707795
-1.280372
-7.553969
-2.999125
-15.414848
-3.782947
13.511036
1.073514
-7.482076
1.301811
-1.297787
61.941560
-3.828187
-10.108448
0.893554
1.464710
3.010473
-8.335113
-4.915451
14.308015
6.384887
-7.038742
2.695510
-3.911130
67.432357
1.387212
-9.254910
-1.407393
-4.918579
1.808395
-8.453340
-7.095450
14.637687
3.449743
-9.314854
2.758657
-0.366905
63.684939
-0.960855
-7.303667
-2.973052
-4.069457
-3.831356
-10.495289
-11.384175
14.880298
3.379275
-10.634945
0.739185
2.810652
60.472197
-2.720397
-6.805486
-0.349137
-1.866333
1.366324
-2.749344
-3.204024
3.802641
-5.329282
-5.674441
0.688251
5.349691
64.877753
-2.107697
-6.047724
1.852305
-12.181054
3.580642
-9.126908
-6.541041
12.042128
-0.658516
-11.053226
3.510859
2.678268
63.538989
-2.342240
-5.501208
-0.381219
-10.727732
-1.260913
-10.718854
-5.458550
14.139834
-4.772314
-0.942332
-1.513820
5.736087
59.940476
-3.113492
-6.367306
-1.079470
-2.927509
2.715243
-10.379105
-9.718944
13.839377
-2.582323
-0.186563
-0.694359
2.957855
61.168371
-4.402768
-5.336126
-6.006595
-0.471451
8.116912
-8.091177
-9.059116
10.042915
-4.659065
-7.635067
4.346781
6.835825
59.472991
-1.498893
-3.184299
-2.081178
-0.339266
5.790342
-12.450589
-11.335128
12.785237
0.144905
-2.826845
-1.334581
1.860967
64.521459
5.112026
-9.069268
-5.539348
-2.144320
0.223969
-12.817361
-5.853967
7.739333
-1.881249
-1.471768
-0.405134
-0.063900
64.290474
-0.693686
-6.394031
-7.116497
-3.533406
-1.550104
-15.061354
-13.317517
12.446550
0.687269
-6.009612
-0.099516
2.222148
58.728774
-3.592554
-6.137502
-4.274246
-2.286642
-0.399453
-11.729512
-7.321588
13.081902
1.978642
-2.465639
-4.893106
1.674286
61.623782
-1.497140
-9.065081
-4.380192
-2.801586
4.441852
-10.654938
-1.156151
12.486946
2.779882
-0.290881
-8.378144
5.328044
62.623523
1.723657
-6.424688
-6.289518
-2.739786
2.711013
-11.355664
-6.253323
7.615482
1.555840
2.835214
-6.285570
8.010651
57.021633
-2.128989
-4.107636
-4.376521
-4.837636
5.681497
-12.711285
-9.436853
9.624640
-4.898485
5.385089
-4.510832
5.475399
55.159595
-3.284200
-4.947948
-0.630610
-6.585821
3.977552
-14.284148
-7.579271
10.398244
-3.320914
1.305170
-7.204253
1.091580
54.846871
-2.264872
-6.219469
-2.383008
-5.598009
5.370962
-12.613192
-4.455040
13.998186
-3.288221
-2.455809
0.737698
6.003781
55.466907
0.364190
-1.203024
-2.712598
-2.061276
10.009990
-13.003836
-6.842290
16.566107
-0.883623
-2.376739
-6.123714
4.465269
54.386594
-1.816379
-1.029860
-0.996702
-3.928035
3.467241
-19.345216
-7.769949
13.265591
-0.960059
3.905442
-5.436715
8.896920
54.081471
0.272535
0.779709
-3.698055
-0.137856
5.309538
-18.562365
-16.710445
5.882369
2.827078
-5.804993
-2.300145
2.978980
54.552159
-1.489124
0.589514
-2.181102
0.876309
5.397535
-12.543663
-12.307906
7.692479
-0.990817
2.531432
-8.336517
0.542088
54.010749
-2.503360
-2.968629
-5.660295
4.956986
3.339586
-10.556122
-8.939012
9.131584
2.527167
-1.497864
-6.180054
-0.390580
52.651804
-7.563603
-3.529523
-1.848748
0.342392
6.167930
-2.304254
-5.079728
3.025075
-7.355408
-2.606347
-0.062762
6.465196
54.895130
-10.189376
-3.983324
-0.765544
-1.664521
-2.066136
-5.120639
-4.194840
4.121586
1.720870
6.638343
4.283741
3.357139
56.508183
-10.748330
-3.171134
0.723952
1.873746
1.323263
-3.361770
-4.225124
9.329520
-4.721682
5.262708
-2.370238
5.452891
55.050690
-13.317826
-1.796746
2.944037
6.844069
4.788449
-4.440228
-5.991722
6.382242
-3.697825
3.085999
-11.766713
-3.449209
54.318118
-12.080456
-0.626072
-0.983874
7.989686
-0.825269
-2.907103
-2.673153
9.400897
-4.138901
5.635151
-7.140479
5.256705
54.028352
-15.556853
-1.577613
-3.671132
2.447737
1.319314
-0.416122
0.712049
13.449814
-1.796949
-0.591797
-11.128903
-2.940896
52.928222
-13.597975
-3.512351
-5.229642
-0.104177
-0.619869
3.544731
-0.432592
7.345602
1.983780
4.384070
-2.375723
1.349859
53.342362
-13.494207
-4.014351
-1.710880
2.397864
2.050162
-1.976559
1.363657
4.605482
-0.282579
4.444215
-2.959820
-2.370052
52.860387
-14.137853
-2.334045
0.468636
0.058317
0.328241
-5.545029
-0.929054
4.252682
-4.168439
9.124217
-0.197216
0.802957
51.580011
-13.499412
-5.571820
-0.687373
2.897174
5.757394
-3.389149
-0.573827
11.814185
2.985462
1.363326
3.931944
-0.310393
52.428031
-14.175782
-3.463793
0.364747
4.811099
-0.804098
-5.411232
0.084991
1.144729
3.291555
-1.033479
-6.407807
5.692198
52.382140
-12.558455
-3.189598
-0.573171
-1.644393
-1.289198
-5.888374
-3.344473
-0.566582
-5.212292
-0.373911
-2.665429
3.892445
53.025054
-12.562629
0.048240
0.220316
-1.996277
1.679407
-1.126458
-5.525102
2.721224
-10.639065
-4.665486
-8.602280
6.971410
54.915238
-15.077662
-2.753998
2.096592
3.077218
3.268124
1.323113
-2.399701
7.133413
3.326428
3.732411
-3.978128
10.179806
56.036657
-14.387675
-6.092762
0.283046
4.602511
3.847379
-7.958911
-1.492084
10.058079
4.091817
-1.916686
-4.214829
3.003458
58.334312
-11.944627
-2.766646
2.806508
8.488627
4.495285
-11.028647
-4.425433
10.389412
-4.007656
7.271530
-0.538623
2.063672
58.863223
-12.753300
-0.379451
4.389542
5.483604
1.428666
-10.307998
-5.695771
7.967333
1.568841
2.535322
-0.197497
1.335369
58.617367
-10.373901
0.787631
7.115757
2.892643
0.022838
-13.661176
-7.850529
2.220318
-1.834099
0.199302
-0.890093
3.887036
57.498666
-12.256943
-6.748236
2.249040
2.411369
-3.503144
-12.360977
-9.552644
0.769398
-4.023179
0.758734
-4.394011
6.048659
56.699531
-11.659122
-6.567289
0.857595
7.424413
-3.363947
-5.794572
-6.483861
5.404477
1.129220
-1.076200
0.421249
-0.297995
55.377680
-9.216367
-11.055172
1.636336
6.034594
-4.271740
-4.999685
-8.480097
1.653459
1.446881
0.880950
-9.473755
-7.696731
53.564059
-9.891619
-9.622940
2.563059
6.551122
3.374320
-4.816792
-0.111358
9.235859
-2.734840
-9.795433
-1.846982
0.212722
53.568053
-9.923349
-10.838822
4.658558
12.594741
-4.942859
-11.463308
-9.821003
7.895784
5.221989
-1.209368
-1.033052
-3.381800
52.526873
-7.474686
-8.777152
3.454936
13.042201
-5.952457
-7.873924
-6.131173
7.296723
4.356316
3.611347
0.474096
-1.199766
51.929035
-7.907160
-10.214460
-1.666104
16.291625
1.120710
-9.590873
-5.388026
7.687968
6.754946
-2.881688
2.898823
1.422566
50.341512
-7.352162
-11.110078
-2.016490
12.416557
2.073136
-12.115298
-9.753051
3.354655
6.832770
4.662745
-0.759516
2.832851
